892.216
1698.388
1775.465
1852.659
1881.879
1903.711
1918.587
1932.813
1954.205
1977.386
2003.056
2020.478
2038.256
2047.387
2056.739
2064.504
2070.103
2075.413
2080.323
2085.129
2089.882
2094.050
2097.856
2101.042
2105.169
2108.556
2112.219
2115.209
2118.465
2121.220
2123.979
2127.162
2129.790
2132.690
2135.088
2137.361
2139.589
2141.621
2143.986
2146.321
2148.536
2150.414
2152.348
2154.190
2156.261
2158.401
2160.501
2162.646
2164.752
2166.785
2168.592
2170.957
2173.156
2175.472
2177.765
2180.228
2182.321
2184.424
2187.188
2190.083
2193.001
2196.283
2199.456
2202.750
2206.543
2210.334
2214.338
2218.408
2222.106
2225.915
2230.578
2234.815
2239.720
2244.649
2249.728
2253.954
2260.516
2265.633
2271.608
2278.543
2286.416
2297.078
2308.739
2342.089
2510.795
2589.843
2783.498
2920.867
3025.870
3112.717
3171.468
3222.364
3303.444
3517.699
3795.726
3946.803
4282.887
4528.519
4735.280
5256.079
