169.818
265.280
327.303
382.304
404.193
413.435
420.094
428.248
434.346
437.500
441.513
444.236
447.152
448.903
450.538
451.735
452.748
453.865
454.790
455.500
456.364
456.967
457.497
458.012
458.470
458.755
459.166
459.585
460.011
460.428
460.845
461.058
461.362
461.630
461.880
462.110
462.357
462.585
462.828
463.077
463.354
463.558
463.758
463.972
464.225
464.466
464.700
464.982
465.372
465.655
465.857
466.136
466.468
466.957
467.304
467.581
467.803
468.012
468.482
468.797
469.084
469.452
469.901
470.386
470.762
471.215
471.557
471.868
472.219
472.639
472.974
473.527
473.795
474.245
474.681
475.221
475.760
476.377
476.911
477.627
478.198
478.779
479.614
480.366
481.517
482.292
482.965
483.992
485.022
486.218
487.739
488.726
490.634
493.094
495.892
500.339
506.568
518.208
531.403
550.583
