49.672
119.528
198.467
250.350
289.855
327.787
381.729
413.175
425.079
430.954
434.470
439.481
442.812
444.740
446.347
448.375
450.255
452.591
454.464
455.340
456.363
457.510
458.369
459.155
460.061
461.047
461.754
462.539
463.440
464.148
464.604
465.265
465.658
466.053
466.602
467.134
467.709
468.251
468.685
469.096
469.425
470.022
470.648
471.136
471.685
472.121
472.608
473.120
473.492
473.892
474.491
475.013
475.394
475.892
476.287
476.705
477.179
477.622
478.454
478.914
479.355
480.080
480.634
481.017
481.438
481.887
482.366
482.984
483.530
484.129
484.803
485.198
485.813
486.367
487.656
488.239
489.205
490.270
491.372
492.279
493.192
494.820
496.419
497.036
498.554
499.976
501.548
503.258
505.085
507.649
510.022
515.059
519.505
527.737
541.611
559.939
614.697
674.685
840.590
891.688
