1616.819
2100.201
2125.599
2137.554
2144.786
2151.130
2156.237
2160.891
2164.902
2169.428
2172.807
2176.064
2179.671
2183.335
2187.525
2191.199
2194.502
2198.079
2201.706
2205.382
2208.891
2212.595
2216.114
2220.710
2225.741
2234.111
2251.448
2472.256
2515.873
2535.990
2553.019
2573.221
2601.581
2850.919
2894.956
2925.335
2981.964
3144.227
3168.699
3184.615
3198.628
3210.827
3228.461
3262.766
3329.818
3419.213
3481.212
3537.691
3585.845
3669.749
3825.337
3895.745
3929.515
3959.294
3991.878
4031.367
4132.838
4278.600
4362.071
4463.949
4588.744
4670.416
4733.887
4827.885
4932.583
5006.609
5092.869
5209.296
5283.735
5349.005
5445.467
5532.410
5638.955
5740.367
5834.884
5946.593
6059.780
6152.040
6262.738
6377.294
6520.195
6667.157
6877.995
7056.322
7247.749
7468.512
7664.242
7867.085
8093.646
8337.932
8640.143
8943.851
9306.929
9661.742
10083.677
10589.906
11176.781
12040.488
13277.415
15349.541
