47.499
439.234
521.373
745.296
1437.548
1754.231
1867.783
1931.590
1955.409
1967.597
1980.954
1992.018
2004.330
2015.172
2023.503
2031.583
2040.036
2048.436
2057.692
2067.135
2075.973
2082.281
2089.275
2096.754
2102.132
2108.372
2114.479
2120.479
2125.298
2130.145
2134.708
2139.393
2143.174
2146.019
2148.908
2152.299
2155.068
2157.800
2160.336
2162.759
2164.954
2167.428
2169.750
2172.008
2174.213
2176.896
2179.464
2181.538
2183.944
2186.856
2189.191
2191.766
2193.517
2196.211
2199.257
2201.776
2204.453
2206.906
2209.502
2211.643
2214.738
2217.307
2219.965
2222.254
2224.846
2226.908
2229.683
2233.168
2235.826
2238.891
2242.600
2245.713
2249.115
2252.713
2256.952
2260.765
2265.626
2270.102
2275.559
2281.779
2288.870
2297.662
2308.126
2343.100
2524.556
2611.593
2842.463
2984.868
3120.140
3216.693
3372.319
3577.867
3914.299
4059.360
4151.545
4265.147
4494.408
4707.547
4950.869
5293.859
