858.144
1622.949
1794.353
1830.216
1854.390
1872.894
1900.987
1934.812
1962.734
1981.123
1993.453
2009.422
2027.789
2045.692
2059.879
2069.164
2075.899
2082.120
2087.642
2093.259
2099.835
2104.610
2109.167
2113.514
2117.528
2121.953
2125.178
2128.598
2133.075
2138.414
2142.952
2148.420
2153.246
2157.809
2161.774
2165.488
2169.301
2171.832
2176.014
2178.849
2182.027
2185.005
2187.707
2190.366
2192.829
2195.620
2198.384
2201.159
2204.755
2206.940
2209.586
2213.067
2216.058
2218.602
2221.556
2224.584
2227.321
2230.169
2232.905
2235.797
2238.480
2240.911
2243.560
2246.508
2249.205
2251.462
2253.752
2256.277
2258.885
2261.663
2264.509
2267.266
2269.621
2272.234
2275.259
2278.262
2281.805
2285.186
2288.433
2292.264
2296.565
2301.115
2307.241
2315.284
2332.028
2511.892
2604.431
2711.774
2800.878
2876.744
3036.267
3174.894
3276.446
3454.661
3731.206
3939.516
4142.120
4521.870
4705.807
5225.813
