912.432
1525.464
2076.957
2106.103
2122.619
2134.980
2143.050
2148.981
2154.594
2159.279
2163.923
2168.100
2171.924
2175.703
2179.202
2183.480
2187.400
2191.107
2194.846
2198.805
2202.496
2206.917
2211.846
2217.469
2225.517
2242.026
2450.797
2504.570
2527.410
2542.984
2561.836
2586.174
2784.012
2880.851
2915.626
2954.825
3028.593
3133.749
3158.825
3175.394
3190.652
3207.460
3233.228
3284.668
3374.146
3443.627
3492.518
3539.358
3601.645
3711.664
3852.982
3911.305
3947.104
3976.302
4015.374
4094.905
4240.748
4332.787
4431.949
4535.988
4632.854
4699.045
4756.932
4883.562
4974.443
5057.150
5165.828
5253.998
5317.842
5407.715
5482.911
5554.949
5652.620
5751.011
5852.598
5972.870
6107.928
6215.911
6352.384
6473.781
6595.369
6763.460
6952.892
7125.526
7319.522
7517.973
7673.598
7864.790
8108.272
8318.023
8571.410
8826.326
9145.216
9480.747
9924.833
10388.920
10945.752
11736.791
12751.332
14580.397
