315.395
591.121
720.077
843.053
1280.297
1794.242
1816.405
1833.675
1853.825
1879.494
1897.726
1907.547
1918.542
1928.409
1937.989
1944.436
1951.539
1958.539
1965.811
1973.816
1982.460
1991.902
1998.701
2007.557
2016.414
2026.441
2034.785
2043.647
2055.264
2066.296
2082.588
2099.237
2118.946
2131.025
2138.743
2147.209
2152.962
2157.616
2161.274
2165.571
2168.841
2173.612
2177.081
2181.323
2185.439
2189.043
2192.770
2196.167
2200.198
2203.577
2207.236
2210.503
2214.361
2217.708
2220.882
2224.523
2228.120
2230.726
2233.740
2236.950
2239.779
2242.407
2245.742
2249.187
2252.689
2255.813
2258.529
2261.441
2265.008
2268.130
2271.494
2274.044
2276.921
2280.188
2283.158
2286.366
2289.450
2292.179
2295.357
2298.663
2302.548
2307.448
2313.189
2323.091
2477.383
2628.085
2707.354
2963.229
3076.324
3233.537
3344.953
3592.320
3807.622
3940.475
4039.247
4176.556
4527.475
4741.132
4937.685
5372.790
