179.303
268.169
306.631
388.646
419.413
430.856
436.275
439.171
441.173
443.298
446.122
448.289
449.918
451.476
452.468
453.442
454.450
455.717
456.731
457.578
458.168
459.153
460.146
460.795
461.265
461.925
462.516
463.018
463.490
464.005
464.835
465.478
466.013
466.394
466.852
467.372
467.927
468.376
468.787
469.271
469.643
469.913
470.484
470.921
471.249
471.739
472.065
472.479
472.893
473.300
473.648
473.998
474.442
475.023
475.702
476.390
476.820
477.314
477.726
478.326
478.912
479.415
479.815
480.377
480.783
481.258
481.643
482.084
482.612
483.058
483.487
484.019
484.727
485.431
485.979
486.526
487.213
488.001
488.606
489.638
490.534
491.166
492.544
493.640
495.368
496.334
497.465
498.513
499.649
501.222
503.132
507.005
512.063
518.420
536.656
559.770
577.701
609.142
631.119
642.617
