14.422
14.663
15.225
16.162
16.823
17.214
17.781
18.391
19.163
19.879
20.548
20.849
21.128
21.488
21.962
22.621
23.288
23.817
24.821
25.679
26.640
27.522
28.530
29.263
30.038
30.975
31.692
32.596
33.927
35.211
36.368
38.360
40.814
43.411
45.433
48.932
52.858
59.094
85.927
128.441
188.846
210.137
250.456
287.627
330.039
357.536
415.379
430.838
439.898
444.915
448.579
450.722
452.563
454.134
455.827
456.928
457.935
458.634
459.604
460.481
461.071
461.797
462.470
463.019
463.734
464.537
465.496
466.173
467.077
468.123
469.255
469.989
471.138
471.729
472.877
474.016
475.982
477.744
479.150
481.156
485.504
491.692
507.458
533.659
570.327
688.011
1013.265
1015.060
1016.716
1018.487
1020.845
1024.412
1027.269
1031.679
1038.503
1061.995
3022.760
3030.738
3041.103
7037.117
