1332.620
2029.318
2111.618
2123.338
2130.645
2135.555
2140.175
2144.110
2147.469
2150.702
2154.096
2157.677
2161.192
2164.726
2168.122
2171.776
2175.253
2179.428
2183.660
2188.467
2192.486
2197.048
2201.890
2207.607
2215.929
2225.843
2327.817
2489.466
2506.631
2521.900
2539.286
2562.554
2701.647
2854.847
2882.371
2911.774
3006.685
3130.140
3151.504
3168.755
3186.273
3204.417
3227.014
3281.565
3397.350
3452.420
3508.242
3563.611
3643.824
3809.733
3886.780
3916.525
3945.387
3971.990
4019.673
4117.566
4251.754
4333.673
4446.996
4553.581
4621.902
4665.161
4734.261
4850.863
4952.891
5029.052
5110.914
5227.965
5298.935
5387.867
5481.660
5586.863
5672.543
5754.654
5854.295
5958.382
6057.902
6171.173
6297.561
6415.643
6542.104
6724.972
6936.060
7106.269
7317.580
7525.520
7707.715
7918.088
8152.474
8385.793
8650.497
8928.959
9241.603
9594.199
10004.061
10473.008
11029.342
11756.933
12829.141
14380.587
