14.437
14.596
14.633
14.683
14.725
14.794
14.872
15.222
15.689
16.191
16.514
16.869
17.270
17.633
18.060
18.600
19.014
19.596
20.247
21.303
21.814
23.562
25.232
28.055
33.503
41.027
49.294
59.276
66.727
71.163
74.504
77.298
79.694
82.543
85.499
89.882
98.721
110.371
120.477
134.609
147.962
160.445
165.495
169.868
171.876
173.974
175.776
177.631
179.173
180.845
182.366
184.398
186.594
188.350
190.121
191.882
193.432
196.233
198.871
201.643
209.799
216.667
219.581
223.645
227.017
228.752
230.670
232.594
234.325
236.076
239.381
242.651
244.439
245.825
248.558
253.676
271.027
1011.253
1012.465
1013.429
1014.205
1014.902
1016.946
1020.568
1037.228
3016.047
3017.573
3018.433
3020.088
3023.018
3037.904
7024.205
7027.525
7031.481
7052.713
15037.502
15046.070
15073.074
15192.805
31085.731
