1671.614
2099.083
2112.016
2122.201
2129.787
2136.846
2143.232
2149.191
2155.048
2161.107
2166.623
2171.967
2177.318
2181.976
2187.114
2192.268
2196.735
2200.700
2205.327
2209.686
2214.417
2218.795
2224.375
2229.632
2236.186
2244.154
2259.352
2464.408
2496.122
2524.408
2551.994
2575.892
2601.570
2827.939
2881.232
2923.350
2978.693
3131.551
3158.340
3180.147
3197.966
3215.207
3234.203
3271.358
3345.595
3439.483
3500.157
3550.977
3618.187
3779.626
3865.746
3915.414
3946.976
3977.452
4017.010
4084.779
4217.901
4300.327
4394.933
4491.012
4585.302
4647.782
4723.709
4803.046
4917.798
5011.056
5102.826
5207.901
5291.714
5362.892
5462.249
5562.379
5665.102
5750.491
5853.397
5967.865
6085.105
6205.781
6318.506
6462.996
6610.004
6788.815
6972.932
7172.372
7389.831
7584.265
7769.864
8003.186
8195.912
8437.302
8687.434
8958.064
9296.182
9664.753
10069.582
10556.681
11195.747
11995.428
13020.267
14729.790
