14.376
14.548
14.602
14.634
14.680
14.743
14.819
14.944
15.246
15.776
16.172
16.630
16.954
17.631
18.193
18.711
19.234
20.008
21.502
22.646
23.948
26.100
29.230
32.278
37.234
40.281
45.783
48.289
55.662
63.802
74.536
87.429
97.097
102.526
106.372
118.880
128.167
133.887
143.099
155.934
168.122
174.258
179.895
184.845
188.583
195.704
201.880
208.083
216.078
225.992
231.957
235.073
236.337
238.752
241.405
244.377
250.144
256.779
262.669
271.892
282.703
286.418
290.956
294.072
295.779
297.174
299.175
301.111
303.487
305.156
307.091
308.905
310.833
312.621
313.867
315.753
317.558
320.583
333.325
374.943
401.745
1012.421
1013.904
1015.815
1019.206
1062.274
3016.293
3017.720
3019.101
3021.310
7023.596
7027.854
7031.802
7038.607
7051.476
7083.353
7242.868
15039.606
15058.819
31081.606
