59.031
145.993
183.809
268.720
330.872
374.455
423.626
433.533
444.500
448.512
451.929
454.353
455.844
457.330
458.426
459.276
460.037
460.846
461.300
462.198
462.716
463.549
464.103
464.537
464.868
465.260
465.723
466.113
466.403
466.783
467.222
467.595
467.899
468.223
468.573
468.834
469.134
469.431
469.922
470.309
470.565
470.819
471.142
471.377
471.649
471.904
472.187
472.412
472.693
472.985
473.195
473.413
473.583
473.756
473.997
474.249
474.540
474.907
475.241
475.549
475.853
476.107
476.393
476.597
476.892
477.190
477.655
477.914
478.189
478.574
478.928
479.392
479.822
480.258
480.716
481.053
481.426
481.810
482.100
482.421
482.887
483.516
484.420
485.064
485.808
486.387
487.099
487.734
488.754
490.334
491.941
493.272
495.000
497.346
500.522
505.688
524.204
620.245
800.759
869.732
