123.185
728.914
1200.737
1343.840
1369.352
1392.064
1415.769
1437.576
1470.157
1500.008
1556.801
1599.118
1639.322
1669.764
1701.149
1719.188
1733.737
1751.184
1767.507
1785.417
1804.667
1829.874
1892.875
1945.309
2013.463
2047.784
2070.009
2083.092
2094.911
2105.049
2115.397
2122.750
2128.748
2136.382
2144.301
2151.744
2159.592
2170.420
2181.667
2194.244
2212.823
2229.997
2242.422
2253.639
2267.497
2280.468
2292.924
2307.326
2319.760
2330.414
2344.360
2355.185
2365.985
2376.620
2389.174
2401.640
2411.677
2424.404
2438.870
2453.423
2465.467
2474.470
2482.918
2492.586
2500.448
2507.395
2514.422
2524.020
2530.308
2538.773
2546.580
2555.091
2562.822
2570.145
2577.239
2584.945
2594.090
2606.184
2624.229
2652.804
2708.047
2734.429
2767.899
2801.940
2819.894
2838.573
2854.044
2866.238
2876.901
2889.568
2901.750
2915.370
2931.916
2948.397
2965.537
2986.911
3009.772
3031.058
3071.373
3970.614
