242.037
429.805
469.974
501.893
564.943
711.854
1701.695
1735.894
1767.657
1792.050
1823.870
1856.582
1890.726
1921.116
1947.791
1965.579
1983.651
2001.897
2018.938
2034.375
2047.461
2057.637
2068.115
2081.966
2096.157
2104.381
2110.373
2116.083
2124.185
2130.591
2138.980
2147.013
2155.032
2163.606
2170.059
2176.291
2181.172
2185.389
2189.030
2192.461
2195.884
2198.686
2201.802
2205.078
2208.109
2211.160
2214.017
2216.723
2219.953
2222.442
2225.042
2227.962
2230.342
2232.683
2235.419
2237.924
2240.202
2242.608
2244.598
2247.144
2249.435
2252.259
2254.879
2257.327
2259.433
2261.874
2264.461
2267.485
2270.320
2273.195
2276.150
2279.355
2283.115
2286.127
2288.450
2291.516
2294.464
2297.541
2300.923
2305.350
2309.837
2313.972
2320.305
2328.206
2342.430
2520.022
2649.527
2788.657
3013.889
3198.009
3356.437
3556.937
3828.189
4146.292
4379.112
4581.631
4716.008
4859.236
5275.434
5526.743
