681.710
1230.835
1522.151
2068.118
2096.276
2108.908
2116.611
2121.841
2125.316
2129.363
2132.456
2135.679
2138.786
2141.600
2145.048
2148.509
2151.842
2155.103
2158.442
2162.763
2166.707
2170.921
2175.745
2181.471
2187.614
2196.285
2214.045
2447.463
2478.204
2491.506
2504.665
2517.789
2538.145
2712.732
2825.058
2849.344
2873.577
2912.673
3114.656
3135.757
3151.334
3168.254
3192.095
3224.078
3335.083
3415.276
3463.436
3515.073
3573.489
3728.933
3841.582
3886.927
3917.435
3948.965
3990.147
4133.649
4244.919
4331.140
4437.351
4551.422
4612.004
4657.020
4737.388
4868.738
4954.295
5033.457
5152.891
5242.829
5335.998
5422.062
5526.250
5624.678
5710.344
5817.887
5941.952
6045.676
6181.492
6307.845
6434.010
6579.661
6726.235
6899.202
7072.687
7245.421
7462.499
7633.391
7830.595
8038.448
8260.797
8493.261
8721.324
9057.067
9431.378
9785.274
10196.872
10748.853
11347.884
12029.412
13000.304
14630.216
