546.014
992.049
1203.787
1378.051
1606.139
2064.675
2103.237
2115.324
2121.998
2127.406
2131.447
2135.236
2139.230
2143.207
2146.545
2150.021
2153.917
2157.337
2161.255
2165.127
2170.003
2174.243
2179.888
2185.739
2193.149
2200.124
2208.135
2221.984
2378.162
2473.184
2492.299
2506.852
2525.068
2551.499
2621.289
2833.232
2862.251
2909.332
3101.530
3133.568
3153.301
3170.700
3190.036
3217.578
3259.335
3360.052
3426.412
3487.624
3539.603
3606.958
3769.283
3862.854
3904.220
3935.324
3972.785
4045.149
4171.496
4269.665
4368.521
4472.517
4583.595
4640.855
4699.530
4800.263
4908.432
4990.218
5072.735
5196.119
5280.042
5377.938
5479.920
5582.047
5686.543
5799.302
5917.571
6052.498
6181.133
6310.462
6453.875
6637.131
6819.986
7013.217
7179.826
7379.150
7565.984
7714.796
7931.768
8183.696
8402.477
8636.679
8925.983
9254.634
9539.141
9836.795
10248.346
10746.790
11368.391
12060.699
13061.485
14932.757
