251.726
531.710
609.425
715.448
800.958
1236.298
1794.983
1831.389
1859.002
1876.040
1891.208
1910.098
1925.705
1937.873
1951.349
1964.101
1975.068
1982.706
1989.685
1997.799
2005.710
2012.373
2019.293
2025.459
2029.962
2035.018
2039.754
2043.445
2046.860
2051.185
2056.346
2060.248
2064.005
2068.643
2072.067
2077.078
2082.082
2086.137
2091.061
2095.872
2100.352
2105.549
2111.265
2116.760
2122.437
2127.129
2131.732
2137.477
2142.372
2147.012
2152.441
2157.482
2162.020
2166.815
2172.648
2177.526
2181.541
2186.782
2191.855
2195.781
2200.192
2205.731
2210.105
2214.219
2218.197
2222.091
2225.940
2230.459
2235.248
2239.820
2244.345
2249.277
2254.118
2259.216
2264.830
2269.828
2275.358
2281.213
2287.905
2294.113
2305.566
2324.318
2429.382
2561.262
2629.612
2817.940
2960.715
3065.252
3192.581
3337.370
3554.119
3765.005
3960.892
4126.958
4265.028
4392.546
4582.392
4759.868
5104.366
5523.383
