344.619
986.052
1463.817
1772.126
1794.196
1808.668
1821.543
1831.488
1840.243
1849.753
1858.588
1866.377
1874.349
1882.937
1893.618
1906.600
1918.647
1930.545
1942.879
1950.810
1959.474
1966.397
1971.616
1977.180
1981.908
1986.764
1991.602
1995.934
1999.355
2003.473
2007.894
2012.477
2016.850
2021.180
2025.454
2031.304
2035.925
2040.761
2045.577
2050.549
2054.941
2061.378
2067.651
2075.862
2084.531
2096.511
2112.138
2129.042
2142.479
2155.825
2165.253
2173.559
2181.068
2189.536
2198.435
2207.368
2216.183
2222.747
2228.745
2235.615
2240.221
2244.061
2249.105
2254.254
2258.952
2263.298
2267.914
2271.871
2275.741
2279.725
2283.024
2286.526
2290.481
2293.806
2296.923
2300.687
2304.480
2309.027
2313.225
2318.159
2323.577
2331.938
2362.425
2562.861
2648.723
2716.291
2913.357
2999.438
3103.631
3269.911
3389.719
3514.432
3649.171
3840.049
4032.381
4168.917
4494.990
4777.106
5007.341
5532.751
