156.984
230.908
318.103
401.749
423.449
436.377
448.230
451.143
453.511
454.946
456.514
458.001
459.041
459.830
461.301
462.047
462.872
463.417
463.924
464.196
464.667
465.046
465.643
465.986
466.416
466.663
467.073
467.536
467.849
468.198
468.540
468.880
469.189
469.485
469.740
470.006
470.307
470.492
470.750
471.066
471.268
471.546
471.843
472.192
472.373
472.520
472.691
472.864
473.147
473.346
473.552
473.811
474.033
474.288
474.550
474.877
475.210
475.451
475.751
476.034
476.313
476.464
476.658
476.869
477.144
477.560
477.878
478.233
478.620
479.029
479.506
479.760
480.042
480.478
480.922
481.415
481.769
482.310
482.734
483.059
483.679
484.237
484.768
485.561
486.369
487.188
487.796
488.578
489.812
490.722
491.441
492.391
493.975
495.715
497.740
504.619
520.632
568.255
626.167
678.191
