184.618
840.686
1299.303
1865.407
1927.718
1952.279
1985.321
2018.558
2036.517
2055.862
2070.705
2082.754
2094.308
2105.675
2112.119
2121.174
2129.849
2138.595
2144.579
2149.735
2155.495
2159.943
2164.973
2169.464
2173.822
2179.254
2183.418
2189.744
2194.436
2199.080
2204.250
2208.236
2213.331
2219.370
2225.051
2231.381
2237.696
2245.240
2251.949
2258.695
2264.637
2270.983
2277.443
2283.726
2290.053
2295.801
2301.303
2308.334
2317.496
2326.817
2333.719
2341.288
2349.325
2356.508
2365.842
2372.983
2381.033
2388.909
2395.833
2401.844
2407.189
2412.875
2417.682
2422.068
2426.917
2431.921
2436.722
2442.079
2446.413
2452.181
2457.579
2463.250
2468.339
2473.070
2478.030
2481.933
2485.936
2490.302
2495.062
2500.261
2505.382
2510.617
2516.899
2522.639
2528.081
2533.905
2539.505
2546.896
2556.201
2564.666
2576.309
2589.172
2604.306
2618.752
2632.341
2654.811
2677.537
2694.540
2711.220
2745.077
