788.431
2061.891
2090.924
2112.418
2123.179
2129.515
2135.347
2139.999
2144.709
2148.661
2152.662
2156.581
2160.809
2165.827
2170.585
2175.229
2181.130
2185.987
2191.667
2197.373
2203.299
2209.598
2216.819
2224.867
2232.723
2245.824
2392.820
2485.865
2508.123
2528.027
2549.674
2580.634
2798.813
2857.250
2891.480
2953.334
3118.100
3142.114
3160.620
3179.631
3200.303
3218.194
3242.830
3326.026
3424.284
3483.577
3541.811
3600.961
3735.772
3848.726
3900.630
3928.096
3959.466
4005.704
4080.434
4217.654
4297.083
4409.311
4508.201
4592.304
4648.166
4720.124
4803.335
4892.929
4971.934
5047.614
5169.028
5260.687
5329.770
5423.847
5519.074
5614.874
5704.989
5793.344
5893.750
6005.267
6102.611
6226.642
6351.068
6473.232
6615.369
6768.096
6932.667
7122.401
7340.077
7532.968
7707.291
7874.802
8095.383
8329.315
8620.248
8906.822
9215.769
9579.622
9960.439
10468.785
11058.915
11871.475
12889.207
14783.585
