876.772
1731.396
1776.218
1818.807
1846.033
1866.890
1884.459
1898.930
1909.915
1920.668
1931.686
1941.890
1953.880
1968.467
2020.984
2051.739
2066.479
2080.806
2087.397
2093.643
2099.096
2102.194
2105.679
2108.954
2112.049
2114.748
2117.245
2119.841
2122.705
2125.664
2127.650
2129.970
2132.234
2134.531
2136.847
2138.888
2141.254
2143.624
2146.094
2147.857
2150.209
2152.138
2154.390
2156.385
2158.974
2161.392
2163.628
2166.488
2168.805
2171.103
2173.894
2177.168
2180.308
2183.021
2186.212
2189.756
2192.321
2195.501
2198.658
2202.027
2205.030
2208.385
2212.149
2216.372
2220.902
2224.035
2227.260
2231.711
2234.651
2238.382
2242.019
2245.354
2248.551
2252.237
2256.121
2260.675
2264.924
2269.662
2275.307
2282.046
2288.339
2296.197
2306.875
2406.390
2513.590
2603.592
2720.647
2836.308
2901.094
3021.092
3133.030
3196.279
3314.129
3547.110
3816.778
3974.028
4286.052
4535.990
4779.947
5266.273
