14.235
14.569
14.654
14.741
14.856
15.247
15.705
16.198
16.576
16.969
17.462
17.995
18.385
18.896
19.381
20.002
20.615
21.335
22.082
23.012
23.738
24.606
25.685
26.760
27.980
29.095
30.858
33.428
36.262
38.573
42.160
45.521
50.132
55.656
64.206
99.294
154.089
220.839
280.607
331.380
369.128
410.476
448.984
464.694
477.262
524.830
572.695
597.514
624.147
650.584
690.064
742.116
768.391
804.934
936.641
1011.894
1013.025
1013.846
1014.456
1015.138
1016.043
1016.957
1018.361
1020.389
1022.522
1025.705
1030.169
1038.740
1056.269
1126.691
1218.668
1324.596
1433.107
1607.412
1730.381
1889.315
2470.468
3016.017
3017.466
3018.932
3020.277
3022.639
3026.677
3032.234
3048.670
3435.513
7022.318
7025.627
7028.865
7033.958
7045.647
7213.893
15037.848
15044.272
15058.618
31060.736
31079.715
31145.446
63138.560
63211.944
