209.822
889.500
1339.895
1647.016
1738.159
1755.299
1768.507
1778.319
1786.955
1794.213
1803.354
1810.155
1817.007
1827.030
1834.919
1841.084
1847.275
1854.386
1860.882
1866.624
1872.855
1877.493
1882.821
1887.941
1892.936
1897.826
1903.790
1908.162
1914.965
1922.341
1930.793
1939.836
1948.095
1963.977
1979.597
1992.935
2009.670
2026.535
2044.404
2063.431
2082.727
2094.911
2111.893
2128.425
2144.588
2169.044
2203.297
2254.896
2278.481
2304.570
2329.451
2363.380
2393.462
2422.014
2451.723
2488.946
2513.980
2530.266
2543.188
2556.960
2566.764
2579.615
2594.756
2612.381
2630.642
2645.798
2666.377
2682.308
2693.740
2705.083
2715.000
2724.584
2732.461
2739.262
2744.604
2752.087
2758.181
2763.093
2767.187
2771.374
2776.009
2780.692
2785.931
2790.173
2795.397
2800.339
2805.454
2811.927
2818.721
2824.545
2831.075
2838.286
2845.871
2852.802
2860.321
2869.873
2880.808
2890.842
2903.367
2918.332
