14.348
14.538
14.591
14.636
14.692
14.769
14.908
15.336
15.756
16.208
16.527
16.847
17.217
17.728
18.200
18.651
19.085
19.510
19.991
20.610
21.174
21.718
22.481
23.239
24.047
25.048
26.329
27.447
28.605
30.176
32.399
34.474
37.077
40.067
43.934
48.793
58.698
88.797
132.678
172.412
219.545
257.415
308.675
361.249
405.107
445.815
505.566
550.592
578.847
610.186
666.386
820.989
1010.771
1012.004
1012.886
1013.502
1014.215
1014.865
1015.624
1016.533
1017.561
1018.761
1020.374
1022.255
1024.916
1028.487
1036.621
1051.111
1204.916
1409.061
1607.246
1990.234
3016.063
3017.192
3018.272
3019.157
3020.643
3022.488
3025.471
3031.164
3045.800
3457.572
7023.418
7025.507
7027.792
7030.098
7034.779
7049.454
7504.954
15039.165
15044.319
15048.801
15061.248
15213.873
15515.562
31071.721
31089.667
31303.569
63145.562
127207.451
