26.591
104.540
336.556
385.523
408.285
437.655
447.905
451.048
453.405
454.592
455.755
456.907
458.173
459.195
459.792
460.353
461.081
461.837
462.548
463.215
463.593
463.942
464.478
464.896
465.256
465.716
466.003
466.427
467.005
467.431
467.729
467.939
468.123
468.561
468.815
469.238
469.493
469.814
470.181
470.483
470.799
471.092
471.370
471.730
471.978
472.430
472.705
473.086
473.321
473.605
473.818
474.092
474.309
474.524
474.738
475.103
475.347
475.655
475.864
476.087
476.386
476.746
477.128
477.472
477.715
478.130
478.608
478.860
479.189
479.559
479.932
480.289
480.560
481.114
481.511
481.902
482.389
482.817
483.426
483.844
484.469
485.058
485.706
486.492
487.148
487.758
488.831
489.746
490.492
491.575
493.205
494.622
496.086
499.216
503.578
517.154
535.177
631.615
706.734
747.422
