128.270
225.849
303.674
386.740
433.552
438.884
443.587
444.842
446.233
447.414
448.443
449.482
450.247
450.957
451.796
452.298
452.859
453.293
453.541
454.052
454.611
455.349
455.602
456.194
456.596
456.885
457.371
457.709
458.168
458.508
459.095
459.450
459.645
460.010
460.218
460.538
460.879
461.172
461.515
461.775
462.108
462.376
462.695
462.893
463.075
463.344
463.604
463.792
464.057
464.280
464.545
464.744
464.958
465.155
465.488
465.797
466.083
466.400
466.725
467.032
467.301
467.646
468.009
468.294
468.655
468.978
469.333
469.724
470.043
470.512
470.923
471.423
471.895
472.388
472.864
473.489
473.952
474.576
475.094
475.806
476.555
477.126
478.062
478.842
479.335
480.492
481.711
483.266
484.338
485.477
486.345
487.858
489.927
492.398
495.750
498.567
503.486
511.977
521.622
560.337
