169.014
832.771
1284.840
1460.786
1494.469
1512.201
1525.245
1537.939
1551.805
1568.117
1581.496
1595.249
1605.154
1614.214
1622.474
1631.882
1640.605
1648.446
1656.565
1668.609
1677.253
1684.957
1693.441
1702.152
1709.040
1717.672
1726.206
1735.649
1751.447
1769.920
1785.185
1794.086
1802.893
1810.862
1821.154
1830.899
1840.480
1853.373
1873.383
1891.358
1907.381
1925.589
1962.405
1997.301
2026.643
2051.988
2085.527
2131.587
2221.281
2293.372
2376.448
2427.498
2457.388
2502.629
2551.244
2579.567
2597.364
2615.472
2641.284
2662.843
2685.953
2711.877
2746.031
2766.435
2781.568
2791.192
2801.638
2813.331
2822.745
2830.356
2838.859
2847.166
2854.429
2861.889
2869.079
2878.428
2887.928
2898.187
2906.577
2913.806
2920.394
2926.122
2931.947
2937.215
2941.737
2947.092
2952.863
2958.025
2963.805
2969.353
2975.986
2980.998
2988.122
2994.870
3001.829
3007.961
3015.618
3026.064
3036.720
3470.044
