302.840
734.223
941.712
1464.798
1789.937
1888.432
1923.431
1946.159
1957.035
1971.539
1982.313
1998.052
2007.804
2018.993
2027.980
2035.425
2042.010
2047.469
2053.446
2057.296
2060.713
2064.002
2068.019
2071.574
2075.382
2079.332
2083.178
2087.332
2091.248
2094.570
2098.404
2101.651
2104.779
2108.063
2111.766
2114.902
2117.186
2120.236
2122.568
2125.335
2127.566
2129.465
2131.662
2133.789
2135.916
2137.655
2139.778
2141.606
2143.558
2145.528
2147.856
2149.893
2151.928
2153.740
2156.055
2158.236
2160.745
2163.341
2165.663
2167.935
2170.625
2173.436
2176.235
2178.311
2180.649
2183.377
2186.463
2189.152
2192.142
2196.220
2199.529
2202.623
2207.967
2212.237
2218.192
2226.271
2236.983
2249.182
2265.062
2301.336
2395.668
2464.036
2521.226
2615.455
2784.289
2878.475
2994.040
3101.563
3154.472
3219.328
3495.812
3642.966
3734.598
3834.860
3918.472
4114.775
4331.355
4555.431
4847.436
5396.370
