171.957
492.329
598.452
686.817
890.663
1774.475
1880.745
1933.203
1959.550
1990.391
2008.511
2019.184
2027.877
2034.323
2041.385
2047.808
2053.302
2058.691
2064.196
2068.500
2072.175
2076.509
2079.648
2084.694
2088.911
2092.856
2096.510
2100.336
2104.287
2108.154
2111.869
2115.874
2119.904
2123.505
2126.804
2130.654
2134.400
2137.396
2140.258
2143.512
2146.106
2149.284
2152.115
2154.206
2156.759
2159.262
2161.802
2164.061
2166.545
2169.509
2171.856
2174.722
2176.919
2179.555
2182.140
2184.674
2186.618
2189.233
2191.343
2193.957
2196.604
2199.770
2202.147
2204.762
2207.975
2210.746
2213.236
2216.139
2219.309
2222.554
2226.404
2229.968
2233.969
2238.165
2242.868
2247.689
2251.958
2256.118
2260.883
2266.849
2273.547
2281.137
2293.221
2411.136
2513.855
2645.641
2847.823
3015.580
3143.856
3248.607
3383.662
3614.099
3857.732
4004.575
4095.074
4204.848
4399.737
4590.976
4888.601
5355.283
