162.141
242.913
319.813
352.717
400.446
423.640
430.476
434.853
439.454
443.201
446.239
447.637
449.730
450.864
451.745
453.144
453.950
454.833
455.710
456.640
457.077
457.743
458.646
459.238
459.710
460.353
461.089
461.699
462.408
463.064
463.607
464.156
464.690
465.199
465.757
466.141
466.648
467.220
467.864
468.328
468.764
469.175
469.733
470.145
470.423
470.815
471.230
471.653
472.134
472.645
473.122
473.519
474.061
474.480
474.724
475.086
475.553
476.020
476.585
477.113
477.426
477.909
478.418
478.986
479.431
479.876
480.602
481.006
481.519
482.021
482.512
483.144
483.533
484.072
484.722
485.071
485.901
486.410
486.893
487.562
488.304
488.875
489.557
490.204
490.944
491.684
492.615
493.620
494.585
495.980
497.394
499.167
501.554
503.415
510.791
520.933
586.395
612.363
635.629
674.800
