14.306
14.524
14.586
14.642
14.705
14.806
15.112
15.521
16.096
16.429
16.794
17.211
17.613
18.133
18.687
19.160
19.818
20.529
21.423
22.339
23.219
24.249
25.675
27.319
28.708
30.561
32.892
35.581
39.593
45.799
50.915
58.484
67.441
76.809
90.799
107.696
167.851
234.915
289.746
343.109
370.434
408.802
451.658
479.600
516.775
538.630
565.316
587.039
606.280
621.948
650.082
689.804
797.677
889.447
1011.143
1012.042
1012.869
1013.644
1014.368
1014.884
1015.638
1016.697
1018.005
1020.085
1023.713
1029.659
1042.068
1073.088
1117.466
1223.437
1321.945
1481.001
1616.737
1785.675
2047.975
3015.756
3016.836
3018.019
3018.852
3020.112
3021.784
3025.396
3032.298
3165.592
7020.068
7024.840
7027.670
7030.315
7034.262
7041.892
7088.845
15037.812
15044.374
15052.202
15126.455
31066.346
31085.848
31318.234
63123.499
63202.797
