167.618
245.632
347.522
410.742
423.650
440.238
447.879
451.493
454.250
456.001
457.459
458.428
459.638
460.661
461.312
462.020
462.768
463.458
464.143
464.535
465.133
465.489
465.969
466.401
466.647
466.919
467.510
467.876
468.174
468.527
468.785
469.098
469.466
469.826
470.086
470.377
470.586
470.824
470.995
471.216
471.394
471.706
471.924
472.164
472.444
472.666
472.825
473.035
473.326
473.548
473.839
474.075
474.300
474.475
474.749
474.984
475.175
475.361
475.717
476.037
476.286
476.468
476.725
477.013
477.314
477.483
477.845
478.058
478.353
478.672
479.008
479.188
479.519
479.865
480.230
480.595
480.995
481.443
481.892
482.192
482.470
482.970
483.427
484.045
484.754
485.450
486.030
486.925
487.744
488.527
489.657
490.907
492.064
493.661
496.764
501.617
515.983
547.157
609.369
670.447
