1015.715
1519.351
1869.823
2093.035
2113.038
2125.325
2133.687
2140.766
2146.341
2151.613
2156.140
2160.214
2164.088
2167.784
2171.377
2175.132
2179.139
2183.489
2187.978
2192.089
2196.007
2200.081
2204.438
2209.367
2215.186
2224.324
2241.482
2458.897
2499.678
2521.593
2538.908
2555.167
2580.689
2744.870
2840.089
2876.170
2905.462
2939.968
3122.321
3151.341
3168.822
3183.572
3199.623
3219.365
3257.948
3339.287
3437.776
3497.160
3547.903
3617.327
3762.034
3863.521
3906.019
3937.457
3968.434
4008.302
4102.833
4256.500
4345.591
4452.703
4568.814
4642.029
4700.410
4777.223
4894.700
4978.520
5059.581
5184.129
5279.996
5371.197
5466.615
5570.521
5668.086
5762.913
5867.430
5975.831
6084.999
6214.704
6328.196
6445.525
6590.660
6752.367
6957.213
7167.340
7406.445
7602.638
7767.866
7974.491
8210.394
8440.285
8704.502
9001.892
9297.177
9704.037
10120.898
10583.860
11237.267
12071.290
13024.414
15047.392
