14.329
14.550
14.592
14.661
14.805
15.238
15.777
16.118
16.333
16.476
16.744
17.057
17.344
17.694
17.894
18.086
18.433
18.700
19.029
19.247
19.609
19.857
19.991
20.185
20.462
20.801
21.071
21.497
21.926
22.243
22.656
23.051
23.450
23.909
24.391
24.984
25.478
26.015
26.537
27.054
27.730
28.332
28.998
29.907
31.008
32.158
33.133
33.984
35.053
36.249
37.188
38.481
39.863
41.288
42.462
44.265
45.812
47.482
49.722
55.112
59.500
65.760
69.946
73.835
78.841
81.917
86.266
95.594
100.810
109.525
140.289
163.811
246.022
320.144
1011.825
1012.632
1013.528
1014.267
1015.030
1016.110
1017.161
1018.306
1019.658
1021.260
1022.380
1024.906
1027.668
1032.553
1039.274
1048.221
3016.662
3018.785
3020.864
3024.620
3030.153
7022.054
7038.347
7079.341
7110.651
7157.772
