80.285
204.139
296.076
368.534
382.971
427.017
436.878
442.066
445.270
446.296
448.276
450.074
451.613
453.106
454.201
455.381
456.173
457.048
457.763
458.661
459.600
460.194
460.665
461.339
461.850
462.439
462.880
463.608
464.197
464.729
465.202
465.617
466.163
466.567
466.950
467.255
467.783
468.095
468.558
468.971
469.490
469.952
470.340
470.871
471.191
471.611
472.004
472.447
472.700
473.155
473.540
473.866
474.316
474.668
475.043
475.419
475.860
476.185
476.673
477.063
477.279
477.600
477.967
478.308
478.643
478.932
479.308
479.696
480.079
480.770
481.167
481.654
482.208
482.706
483.144
483.667
484.135
484.495
485.170
485.708
486.256
486.763
487.533
488.015
489.222
490.045
490.996
491.998
493.242
494.017
494.861
496.183
497.860
499.460
501.727
503.856
508.993
554.525
632.175
743.030
