73.382
211.301
329.358
375.790
411.983
439.367
449.195
452.648
454.654
456.310
457.615
458.731
460.065
460.947
461.442
462.101
462.665
463.067
463.709
464.107
464.672
465.223
465.653
466.008
466.484
466.803
467.256
467.577
468.002
468.235
468.537
468.825
469.146
469.370
469.704
469.973
470.371
470.551
470.815
471.093
471.381
471.694
471.914
472.226
472.448
472.660
472.896
473.092
473.334
473.671
473.903
474.042
474.369
474.585
474.808
475.048
475.243
475.376
475.743
476.064
476.288
476.444
476.669
476.889
477.149
477.433
477.675
478.073
478.582
478.808
479.166
479.559
480.005
480.347
480.823
481.116
481.441
481.879
482.279
482.938
483.696
484.245
484.838
485.410
486.036
486.824
487.581
488.715
489.556
490.880
492.562
494.162
499.484
507.864
515.012
547.265
580.591
623.876
675.751
701.486
