127.737
925.867
1730.134
1817.489
1851.319
1872.481
1889.782
1910.349
1930.407
1950.007
1962.185
1972.721
1982.438
1989.234
1997.900
2005.368
2013.087
2020.044
2026.472
2034.555
2040.834
2047.191
2053.255
2059.759
2065.609
2070.982
2076.016
2080.560
2085.822
2090.780
2095.983
2100.787
2105.989
2111.662
2116.968
2122.145
2128.009
2132.798
2137.937
2142.410
2146.816
2150.347
2154.305
2157.742
2160.908
2164.250
2167.284
2170.560
2173.811
2176.629
2179.486
2182.639
2185.389
2188.975
2192.591
2196.474
2199.607
2202.877
2206.107
2209.927
2213.551
2217.214
2221.309
2225.202
2229.436
2233.545
2237.414
2241.335
2245.950
2250.278
2254.217
2258.176
2263.161
2268.410
2273.722
2279.243
2285.172
2290.430
2294.821
2299.509
2305.738
2311.952
2321.700
2347.649
2474.172
2604.258
2690.832
2868.040
3028.448
3150.647
3248.700
3366.232
3467.327
3581.779
3772.610
4034.609
4243.018
4632.897
4889.660
5414.235
