299.499
688.471
821.264
971.288
1422.516
1653.209
1692.797
1727.203
1764.522
1790.354
1803.719
1818.427
1833.191
1845.253
1862.590
1877.217
1893.835
1910.266
1930.517
1945.826
1962.472
1972.539
1990.571
2009.680
2027.172
2038.271
2051.728
2062.187
2071.898
2079.418
2086.120
2093.507
2099.967
2104.986
2110.966
2116.091
2121.937
2127.198
2131.169
2136.212
2141.922
2147.075
2151.961
2156.666
2160.995
2165.420
2169.750
2173.777
2177.811
2182.429
2186.195
2189.851
2194.087
2198.368
2201.913
2205.709
2209.423
2213.685
2217.688
2221.961
2226.124
2230.397
2235.645
2240.184
2244.603
2248.382
2252.663
2256.347
2259.994
2263.273
2266.378
2269.853
2273.768
2277.152
2280.450
2284.272
2287.434
2290.768
2294.264
2298.739
2304.616
2311.048
2323.347
2445.124
2609.060
2683.417
2827.073
3006.314
3150.880
3259.598
3439.823
3616.320
3848.818
3989.015
4116.512
4277.607
4605.048
4819.512
5033.083
5544.090
