1344.241
2076.098
2105.784
2118.480
2124.459
2129.481
2132.899
2136.077
2139.080
2141.697
2144.615
2147.187
2149.630
2152.467
2154.940
2157.589
2160.701
2163.533
2166.981
2170.365
2174.269
2179.217
2186.240
2195.290
2398.815
2476.815
2494.701
2505.654
2516.950
2532.937
2565.011
2819.860
2851.691
2870.543
2894.225
2992.668
3116.212
3137.494
3150.527
3164.689
3184.453
3217.096
3268.320
3378.298
3435.952
3480.366
3523.025
3581.426
3700.455
3813.555
3878.349
3911.302
3936.697
3965.543
4016.462
4149.997
4259.635
4342.715
4459.956
4557.805
4618.436
4668.267
4746.806
4880.403
4959.521
5041.843
5132.935
5218.222
5286.263
5380.299
5446.155
5542.725
5627.004
5708.334
5809.799
5920.517
6027.833
6133.192
6246.898
6401.552
6534.291
6708.271
6902.519
7120.710
7316.748
7497.770
7659.594
7873.838
8065.194
8303.161
8530.592
8825.598
9184.436
9531.536
9958.890
10438.363
11012.400
11732.426
12637.757
14879.718
