201.686
1394.062
2458.754
3183.476
3560.821
3723.859
3776.393
3820.184
3852.406
3889.948
3923.606
3946.636
3970.743
3991.418
4010.674
4029.618
4043.104
4054.115
4065.063
4075.145
4085.056
4094.199
4103.722
4112.840
4121.185
4129.556
4137.405
4145.202
4153.115
4159.600
4168.090
4175.816
4182.888
4190.631
4199.445
4208.550
4220.487
4231.791
4242.188
4251.191
4261.266
4272.165
4284.050
4294.584
4307.175
4322.454
4337.704
4351.807
4366.207
4379.826
4397.606
4417.311
4434.398
4452.920
4468.167
4483.640
4497.029
4511.057
4523.246
4535.748
4545.074
4554.978
4566.175
4579.093
4592.838
4607.178
4621.222
4638.148
4654.434
4667.411
4680.298
4695.680
4709.973
4727.020
4746.527
4763.513
4782.147
4801.496
4824.886
4848.563
4873.458
4906.088
4942.117
4979.657
5017.318
5053.402
5103.537
5155.687
5202.099
5265.896
5350.209
5453.358
5559.024
5651.636
5734.825
5814.765
5996.145
6495.991
6797.417
7440.664
