62.679
256.821
386.325
410.536
416.809
423.933
431.375
434.740
439.173
441.474
443.037
445.288
447.806
449.244
450.387
451.252
451.929
452.533
453.046
453.605
454.347
455.274
455.792
456.439
456.833
457.300
457.759
458.129
458.711
459.126
459.399
459.747
459.972
460.320
460.618
460.883
461.203
461.700
461.999
462.188
462.429
462.689
462.913
463.215
463.556
463.930
464.236
464.626
464.997
465.451
465.833
466.173
466.581
466.852
467.221
467.638
467.935
468.348
468.834
469.092
469.469
469.830
470.396
470.742
471.206
471.699
472.045
472.476
472.924
473.398
473.950
474.297
474.670
475.228
475.748
476.154
476.728
477.389
477.979
478.778
479.352
479.897
480.602
481.530
482.099
483.092
484.037
484.752
485.667
487.224
489.056
490.882
493.262
495.674
499.435
504.657
508.761
519.763
570.659
652.719
