1600.951
2094.836
2109.058
2117.920
2123.466
2128.409
2132.753
2136.658
2140.296
2144.179
2148.188
2152.536
2157.398
2161.474
2165.288
2168.665
2172.719
2177.330
2182.131
2187.369
2193.525
2199.349
2206.269
2216.363
2228.142
2276.819
2476.177
2494.596
2512.008
2530.264
2552.379
2591.811
2830.516
2861.604
2891.172
2941.453
3115.497
3140.627
3159.724
3175.719
3193.730
3218.389
3259.799
3343.404
3420.243
3473.205
3530.195
3582.402
3694.802
3835.748
3880.127
3908.195
3935.535
3970.131
4021.361
4149.782
4263.390
4350.729
4446.495
4552.669
4620.840
4669.246
4750.818
4865.933
4950.982
5020.956
5106.922
5205.872
5284.749
5361.413
5450.286
5547.283
5636.631
5720.254
5824.666
5939.442
6052.889
6159.363
6264.341
6406.917
6553.391
6716.365
6899.160
7061.839
7290.215
7500.923
7658.891
7863.064
8124.995
8366.247
8623.970
8923.612
9252.687
9659.561
10062.327
10518.498
11120.483
11993.863
12978.884
15108.181
