69.819
467.089
557.910
592.002
624.145
655.721
694.016
752.913
845.675
922.914
1042.299
1139.406
1207.363
1254.034
1294.131
1322.945
1358.546
1395.556
1421.508
1457.649
1493.254
1516.608
1541.303
1583.202
1627.758
1661.936
1703.093
1736.827
1763.863
1784.149
1799.430
1811.523
1825.684
1842.714
1863.783
1884.555
1902.735
1918.524
1933.371
1947.609
1966.169
1994.575
2026.103
2052.204
2070.830
2083.496
2090.738
2096.659
2102.103
2108.611
2114.048
2118.007
2122.750
2126.812
2131.028
2135.060
2138.651
2143.333
2148.411
2153.232
2159.543
2165.210
2170.469
2176.782
2183.663
2192.864
2204.602
2213.810
2223.671
2231.432
2239.803
2249.427
2256.143
2263.110
2268.966
2275.640
2281.642
2290.840
2299.029
2307.822
2330.546
2380.625
2450.240
2507.167
2603.560
2718.658
2814.153
2886.429
2969.178
3110.416
3306.871
3558.103
3735.667
4077.494
4366.680
4527.728
4829.626
5837.700
8322.362
12002.072
