158.363
292.684
350.306
404.988
426.394
437.692
442.391
445.019
447.587
449.679
451.577
453.029
454.375
455.949
456.987
458.327
459.188
460.181
460.984
462.156
462.622
463.233
463.676
464.116
464.643
465.320
465.649
466.121
466.542
466.891
467.123
467.590
468.046
468.346
468.579
469.063
469.248
469.691
470.056
470.327
470.600
470.974
471.322
471.587
471.858
472.243
472.495
472.763
473.017
473.238
473.623
473.864
474.210
474.443
474.685
474.936
475.172
475.587
475.893
476.287
476.567
476.805
477.146
477.618
477.901
478.157
478.483
478.791
479.201
479.540
480.127
480.607
481.014
481.574
481.933
482.258
483.115
483.539
483.894
484.388
485.189
485.765
486.357
487.445
488.224
489.010
489.855
490.619
491.998
493.038
493.974
495.178
496.662
499.596
502.397
506.680
514.437
525.142
594.056
707.367
