667.336
1006.804
1157.282
1656.125
1684.078
1701.615
1725.775
1748.532
1769.312
1784.817
1799.659
1813.063
1830.978
1850.281
1875.777
1891.754
1905.137
1922.272
1932.907
1948.801
1963.845
1988.094
2005.187
2024.657
2048.879
2070.898
2086.069
2105.789
2121.525
2132.089
2140.083
2146.760
2151.438
2155.782
2160.210
2164.066
2168.798
2172.033
2175.967
2179.852
2183.117
2186.736
2189.539
2192.867
2195.955
2198.882
2201.904
2204.726
2207.712
2210.304
2213.305
2216.035
2219.085
2221.680
2224.696
2227.456
2230.059
2232.973
2235.186
2237.428
2239.711
2242.337
2245.024
2246.941
2249.668
2251.973
2254.442
2257.021
2259.368
2262.115
2265.023
2267.721
2270.835
2273.504
2276.714
2279.913
2283.008
2286.619
2291.245
2296.026
2301.338
2308.153
2316.287
2331.735
2532.934
2608.284
2671.832
2822.509
3004.661
3185.568
3292.944
3427.087
3579.719
3740.387
3961.048
4139.829
4464.752
4698.193
4901.919
5452.629
