14.338
14.620
14.770
15.250
16.217
17.032
17.866
18.855
20.099
21.511
23.031
24.496
26.443
28.611
30.988
33.742
36.956
40.345
43.208
46.835
50.871
55.564
60.015
64.943
69.770
74.163
78.805
83.239
88.610
93.501
100.213
109.025
119.091
130.862
152.443
178.098
235.442
272.296
349.661
591.972
816.538
988.625
1012.873
1014.575
1016.274
1018.783
1022.810
1028.773
1037.339
1051.265
1069.026
1088.551
1118.197
1210.816
1301.609
1410.233
1479.257
1535.487
1591.323
1695.571
1768.434
1859.104
1944.188
2023.107
2160.575
2266.363
2369.667
2469.604
2632.776
2755.796
2869.639
3015.971
3018.227
3020.564
3025.834
3044.467
3079.734
3194.502
3442.755
4406.371
4747.382
4993.211
7020.175
7025.480
7030.746
7053.267
7341.815
8710.562
9810.616
15042.138
15058.827
17103.603
31064.071
31080.442
31141.289
63137.456
63222.290
127213.288
127246.793
127280.402
