14.307
14.434
14.468
14.499
14.525
14.547
14.567
14.591
14.612
14.645
14.691
14.734
14.799
14.909
15.284
15.561
15.901
16.109
16.338
16.553
16.715
16.926
17.132
17.392
17.717
17.961
18.228
18.533
18.878
19.125
19.568
19.798
20.470
21.129
21.748
22.082
22.639
23.327
24.000
24.699
25.851
26.857
28.152
29.916
31.234
33.985
37.537
40.320
44.519
51.153
65.043
78.596
92.682
110.624
121.733
133.934
141.676
147.211
155.776
159.783
169.563
173.614
179.166
187.762
199.360
205.746
214.863
218.491
221.602
224.815
228.799
236.969
251.071
343.007
387.478
1011.078
1012.233
1013.145
1014.102
1014.987
1015.584
1017.322
1019.134
1024.345
3015.732
3016.853
3017.737
3019.079
3021.466
3026.052
3044.044
3231.234
7023.798
7028.364
7043.718
7158.670
15041.508
15048.786
15088.691
31087.381
