74.894
207.945
270.180
305.589
346.087
405.247
425.020
430.240
434.790
439.360
442.461
445.298
447.477
449.746
451.108
452.835
453.861
454.739
455.849
457.248
457.958
458.908
459.838
460.660
461.327
461.890
462.576
462.953
463.587
464.261
464.790
465.468
465.942
466.374
466.824
467.256
467.820
468.429
468.999
469.732
470.053
470.326
470.974
471.371
472.043
472.459
473.035
473.444
473.930
474.356
474.671
475.142
475.502
475.929
476.163
476.561
476.775
477.114
477.526
477.933
478.330
478.610
478.968
479.482
479.913
480.389
480.779
481.272
481.628
481.965
482.557
483.195
483.554
484.273
484.593
485.303
485.916
486.522
487.655
488.539
489.613
490.181
491.048
491.624
492.711
493.682
494.599
496.347
498.235
500.689
503.738
510.081
516.478
529.414
546.799
585.464
634.556
659.959
692.682
705.757
