68.927
118.561
135.310
153.703
171.111
177.190
189.250
198.165
203.560
209.229
217.052
231.013
247.519
286.422
295.648
331.622
342.494
374.638
383.914
397.576
412.834
422.909
432.452
438.650
441.922
443.422
444.546
445.784
447.144
449.295
450.714
451.739
452.717
453.644
454.559
455.142
455.564
456.299
456.786
457.366
457.896
458.413
458.943
459.349
459.851
460.378
460.786
461.182
461.590
461.966
462.298
462.662
463.153
463.569
463.907
464.213
464.733
465.027
465.442
465.900
466.300
466.606
467.132
467.529
467.968
468.264
468.688
469.288
470.015
470.593
471.139
471.730
472.410
472.911
473.646
474.080
475.047
475.826
476.463
477.415
478.251
479.219
480.488
481.709
483.198
484.721
485.993
487.348
488.793
491.141
493.450
498.443
500.667
503.774
507.950
516.571
533.394
574.287
666.104
1171.458
