14.316
14.514
14.571
14.619
14.689
14.757
14.886
15.254
15.621
16.073
16.405
16.761
17.076
17.413
17.843
18.274
18.738
19.095
19.606
20.172
20.760
21.496
22.314
23.214
24.077
25.084
26.310
27.841
29.533
32.163
35.836
41.598
52.679
78.286
125.247
189.314
235.899
267.312
311.225
331.841
350.749
366.493
402.894
418.126
431.495
451.422
488.153
541.284
614.533
675.592
749.602
800.296
851.525
949.790
1011.842
1012.507
1013.282
1013.842
1014.403
1015.015
1015.677
1016.495
1017.409
1018.645
1020.099
1022.015
1025.361
1032.336
1084.066
1269.539
1440.126
1783.163
2168.319
3016.175
3017.392
3018.252
3019.135
3020.309
3021.863
3024.112
3028.167
3036.094
3271.151
7020.790
7024.406
7026.948
7029.116
7031.843
7036.543
7069.982
15035.885
15041.564
15046.536
15053.837
15149.179
31067.984
31084.388
31179.115
63128.416
63244.531
