79.026
275.061
328.906
371.632
402.813
420.928
431.074
438.574
443.984
447.965
449.638
451.604
452.994
454.405
455.973
456.824
457.818
458.842
460.202
460.897
461.467
462.108
462.843
463.704
464.273
464.760
465.327
465.757
466.272
466.643
466.933
467.464
467.792
468.068
468.474
468.940
469.251
469.493
469.921
470.164
470.409
470.627
471.053
471.303
471.538
471.813
472.278
472.538
472.895
473.193
473.554
474.032
474.361
474.836
475.006
475.275
475.582
475.881
476.210
476.603
477.004
477.403
477.659
477.860
478.306
478.708
479.164
479.553
479.882
480.250
480.777
481.190
481.792
482.039
482.492
482.926
483.460
483.736
484.314
484.699
485.452
486.115
486.789
487.755
488.981
489.683
490.641
491.796
493.351
494.530
496.395
499.224
500.996
506.384
510.257
516.624
528.525
577.824
695.186
723.260
