1965.954
2092.227
2105.379
2111.922
2116.569
2120.623
2123.852
2127.260
2130.515
2133.531
2136.621
2139.436
2141.976
2144.771
2148.158
2151.171
2154.042
2157.195
2160.980
2165.698
2170.590
2176.917
2189.522
2438.278
2467.657
2481.536
2492.708
2502.874
2514.558
2535.565
2789.393
2831.923
2854.505
2880.938
3091.812
3125.702
3139.710
3156.806
3178.004
3205.788
3255.581
3364.857
3420.187
3466.265
3509.017
3560.393
3683.748
3814.458
3874.766
3907.882
3932.929
3963.126
4068.485
4195.615
4268.638
4342.046
4427.637
4527.301
4593.014
4632.974
4688.785
4794.332
4896.602
4973.925
5040.660
5123.452
5201.393
5281.924
5355.009
5425.979
5524.085
5613.253
5688.607
5775.587
5886.024
6002.405
6107.234
6223.059
6347.492
6450.755
6584.161
6745.708
6916.434
7097.601
7272.733
7447.224
7618.610
7828.551
8076.800
8282.951
8520.899
8813.521
9101.375
9458.210
9867.037
10377.066
10947.205
11635.896
12503.484
14458.696
