194.133
544.714
898.173
1307.317
1774.483
1825.513
1852.959
1867.900
1879.438
1891.017
1900.598
1910.578
1919.157
1927.717
1935.820
1944.004
1951.665
1958.696
1965.212
1972.970
1980.355
1990.432
1998.347
2008.475
2018.917
2029.743
2039.529
2046.477
2053.806
2061.253
2068.169
2074.347
2078.485
2083.583
2088.036
2092.052
2096.296
2099.299
2102.752
2106.305
2108.997
2112.223
2115.805
2119.686
2122.989
2127.206
2131.747
2135.838
2139.947
2144.120
2148.486
2154.352
2159.066
2163.885
2168.184
2172.163
2177.127
2182.108
2187.250
2192.742
2198.347
2203.941
2209.044
2215.519
2220.727
2226.523
2231.506
2237.223
2241.491
2245.666
2249.951
2254.299
2258.304
2262.939
2267.608
2271.711
2276.090
2281.508
2286.666
2293.068
2303.181
2318.464
2453.771
2567.050
2656.186
2893.577
2996.061
3120.617
3239.541
3380.798
3558.673
3781.387
3889.578
3963.683
4061.094
4233.915
4481.466
4701.994
4951.280
5496.276
