293.218
549.306
670.999
776.132
1101.511
1788.687
1852.966
1879.937
1893.797
1906.496
1915.776
1925.992
1935.080
1943.984
1952.100
1959.597
1965.758
1972.284
1978.017
1983.367
1988.821
1995.869
2001.300
2006.984
2011.648
2016.645
2022.499
2027.426
2031.762
2037.566
2042.108
2047.912
2053.827
2058.976
2063.945
2069.579
2075.477
2081.639
2087.295
2093.724
2099.442
2105.353
2109.963
2114.743
2118.419
2122.135
2125.785
2129.403
2132.940
2136.647
2139.795
2142.681
2145.772
2148.993
2152.744
2155.990
2160.161
2164.253
2167.546
2170.876
2175.187
2179.133
2183.259
2187.028
2191.700
2196.181
2201.696
2205.542
2210.556
2215.441
2220.749
2225.476
2231.501
2236.488
2240.732
2247.266
2252.705
2260.074
2267.274
2276.472
2299.585
2439.832
2539.857
2662.389
2850.728
2983.027
3078.159
3161.340
3234.647
3413.890
3685.272
3831.060
3972.024
4044.955
4151.758
4297.186
4502.387
4677.368
4950.959
5362.180
