753.069
2079.302
2101.986
2115.973
2124.271
2130.385
2135.771
2140.144
2144.976
2148.785
2152.739
2157.113
2161.138
2164.272
2167.401
2171.158
2174.701
2178.046
2181.448
2185.354
2189.344
2193.889
2199.022
2205.279
2214.557
2236.969
2458.943
2494.019
2514.652
2530.348
2546.907
2571.921
2802.125
2852.343
2882.720
2916.635
3074.301
3135.267
3153.393
3168.691
3186.842
3205.536
3241.372
3313.315
3406.094
3466.667
3515.872
3568.114
3661.960
3812.551
3876.009
3911.054
3942.644
3975.585
4020.603
4150.799
4253.436
4335.781
4439.515
4548.893
4633.523
4684.600
4756.307
4868.043
4981.655
5059.628
5142.986
5238.938
5308.385
5396.608
5474.775
5553.405
5642.258
5739.828
5862.148
5978.155
6089.192
6195.702
6315.146
6446.614
6567.303
6757.986
6931.571
7122.240
7321.640
7531.482
7700.644
7891.061
8099.325
8317.180
8574.817
8858.473
9195.291
9562.841
9958.245
10438.773
11035.672
11859.281
12900.653
14681.656
