35.232
185.739
388.165
415.215
426.409
434.833
438.172
441.710
445.705
447.749
450.177
451.612
453.377
454.576
455.894
457.010
457.864
458.745
459.228
459.787
460.495
461.080
461.705
462.236
462.866
463.310
463.965
464.417
464.825
465.241
465.647
466.037
466.640
466.980
467.490
467.782
468.192
468.813
469.244
469.616
470.107
470.383
470.716
471.068
471.587
472.000
472.307
472.730
473.066
473.451
473.728
474.077
474.328
474.785
475.114
475.500
475.831
476.321
476.788
477.298
477.584
477.947
478.263
478.664
478.962
479.385
479.777
480.065
480.448
480.896
481.422
481.754
482.165
482.678
483.308
483.898
484.409
485.002
485.869
486.274
487.133
487.781
488.356
489.254
489.865
490.965
492.118
493.092
493.956
494.807
496.183
497.321
498.643
500.274
502.134
504.216
508.778
531.008
680.868
712.133
