14.370
14.525
14.564
14.606
14.640
14.705
14.946
15.311
15.954
16.357
16.605
16.924
17.166
17.590
17.942
18.228
18.534
18.747
19.068
19.350
19.854
20.298
20.708
21.242
21.595
21.950
22.368
22.634
23.370
23.724
24.102
24.607
25.163
25.621
26.111
26.691
27.335
28.078
28.647
29.016
29.728
30.655
31.444
32.397
33.349
34.105
35.025
36.281
37.099
38.399
39.344
41.291
42.901
45.088
47.366
50.979
52.921
55.185
56.670
59.267
61.883
65.981
70.518
73.642
78.440
82.673
88.833
97.454
136.395
182.300
206.563
227.948
281.633
353.115
1010.997
1012.206
1013.115
1014.437
1015.101
1016.158
1017.693
1019.442
1022.060
1024.483
1028.051
1030.222
1035.175
1050.221
1078.705
3015.907
3017.539
3018.867
3020.654
3024.430
3032.748
3072.026
7032.698
7043.456
7089.513
15055.222
