14.331
14.585
14.683
14.805
15.116
15.779
16.374
16.944
17.472
18.112
18.885
19.402
20.158
20.978
21.949
22.868
23.889
25.027
26.389
27.961
29.706
31.680
33.738
36.302
39.618
43.230
46.244
49.545
53.298
57.396
61.953
68.930
78.733
87.991
97.560
108.806
115.403
126.528
145.210
157.968
172.633
197.803
208.537
225.482
244.102
262.912
316.504
383.302
416.514
440.788
487.377
539.743
649.946
752.925
820.728
934.996
1011.740
1012.985
1014.064
1015.071
1016.097
1017.547
1019.613
1021.897
1024.700
1029.434
1035.275
1046.226
1065.833
1091.834
1140.431
1199.873
1310.756
1435.105
3015.901
3017.690
3019.027
3021.053
3024.451
3031.169
3048.784
3085.543
3147.707
3443.337
7024.109
7027.186
7030.642
7037.928
7072.589
7308.449
7448.276
7548.601
15036.712
15045.391
15062.426
15174.989
15412.155
31079.218
31155.977
63148.194
