115.384
725.545
1251.379
1691.739
1849.065
1875.379
1893.448
1908.851
1920.949
1933.754
1946.212
1957.592
1972.017
1988.282
2000.131
2009.237
2018.271
2025.931
2033.111
2039.269
2046.111
2054.635
2064.487
2072.706
2082.229
2092.735
2103.172
2116.780
2131.641
2147.774
2162.444
2174.418
2185.524
2197.202
2211.245
2221.763
2234.014
2245.192
2256.204
2265.004
2271.869
2279.476
2286.696
2293.520
2299.733
2305.875
2313.149
2321.942
2329.177
2337.001
2346.383
2353.811
2360.245
2368.441
2374.595
2380.280
2386.642
2392.213
2397.098
2402.814
2409.848
2416.042
2422.831
2430.428
2438.949
2448.279
2457.579
2467.975
2478.348
2492.651
2507.364
2519.952
2530.907
2539.231
2548.035
2556.232
2563.871
2570.933
2580.325
2586.362
2594.730
2601.706
2608.101
2615.105
2622.803
2630.151
2637.304
2645.085
2653.445
2660.179
2668.511
2680.948
2694.667
2708.519
2719.623
2730.987
2743.446
2759.593
2773.743
2787.046
