1608.907
2095.413
2116.709
2123.533
2129.062
2134.068
2138.035
2141.721
2144.810
2147.686
2150.595
2153.463
2156.623
2159.477
2162.947
2166.242
2169.608
2173.558
2178.339
2183.110
2189.343
2196.437
2204.172
2213.861
2239.790
2476.013
2494.150
2508.260
2523.289
2543.578
2583.927
2836.431
2858.561
2883.938
2929.217
3114.457
3138.746
3154.570
3170.060
3188.477
3206.778
3234.811
3291.546
3378.853
3438.253
3489.588
3542.241
3619.278
3766.373
3861.630
3900.776
3929.819
3954.382
3990.051
4079.860
4205.014
4299.725
4396.866
4502.342
4596.857
4645.617
4699.003
4794.627
4917.841
4987.657
5067.459
5154.777
5235.012
5311.987
5400.411
5480.215
5584.327
5672.225
5767.114
5868.686
5983.771
6090.555
6193.168
6308.689
6426.185
6562.146
6724.566
6902.070
7093.263
7277.528
7486.677
7639.048
7854.733
8076.099
8306.402
8589.231
8850.916
9221.326
9573.249
9953.196
10458.805
10980.421
11761.158
12668.779
14673.322
