947.290
1430.468
1733.754
2070.132
2100.192
2110.558
2117.727
2123.230
2128.119
2132.483
2137.171
2140.825
2144.959
2149.291
2153.499
2157.776
2162.539
2167.510
2172.401
2178.162
2183.900
2190.347
2197.476
2204.436
2212.502
2223.610
2244.108
2449.689
2478.301
2495.303
2513.480
2536.269
2569.416
2768.475
2837.008
2865.020
2895.472
2971.324
3122.150
3143.973
3162.230
3179.101
3197.252
3221.612
3280.782
3394.483
3463.059
3509.031
3567.046
3688.643
3822.315
3881.387
3914.810
3945.102
3986.780
4059.901
4206.349
4295.362
4411.396
4525.226
4594.584
4650.078
4724.736
4841.924
4943.356
5028.846
5126.646
5227.342
5309.090
5415.681
5511.285
5607.653
5692.865
5786.610
5878.408
5998.469
6114.193
6223.510
6367.193
6492.544
6647.025
6810.562
6999.363
7186.571
7410.491
7587.421
7777.112
7971.478
8177.550
8383.732
8635.473
8949.139
9259.235
9638.210
10090.847
10560.020
11199.266
11944.824
12965.304
14865.472
