176.012
345.019
380.251
402.152
421.997
438.614
444.842
446.542
448.895
450.635
452.347
453.537
454.281
455.309
456.276
457.054
457.689
458.500
458.975
459.700
460.535
460.913
461.311
461.923
462.528
463.211
463.633
464.174
464.694
465.309
465.921
466.390
466.792
467.202
467.626
468.096
468.463
468.735
469.195
469.533
469.746
470.105
470.575
470.889
471.276
471.523
471.881
472.194
472.614
472.922
473.279
473.575
474.045
474.438
474.890
475.379
475.797
476.207
476.555
476.776
477.156
477.515
478.065
478.447
479.000
479.381
479.814
480.317
480.795
481.246
481.733
482.222
482.812
483.441
483.943
484.420
484.854
485.460
485.994
486.665
487.267
487.763
488.392
489.139
489.934
490.787
491.694
492.628
493.786
494.756
496.230
497.654
499.285
501.142
505.472
511.910
521.840
541.925
623.349
651.758
