14.322
14.533
14.618
14.733
14.901
15.337
15.987
16.428
16.773
17.106
17.554
17.848
18.290
18.716
18.978
19.363
19.807
20.191
20.720
21.187
21.718
22.401
23.024
23.461
24.323
24.949
25.764
26.936
27.664
28.598
29.366
30.402
31.188
31.988
32.511
33.322
33.849
34.751
35.770
36.513
37.073
37.690
38.429
39.552
40.448
41.264
41.994
42.855
43.598
44.358
44.964
45.795
46.621
47.599
48.440
49.618
50.534
51.849
53.778
55.886
60.855
66.328
70.599
75.003
79.999
85.107
89.278
100.323
122.043
158.247
239.742
310.120
1011.762
1013.433
1014.262
1014.959
1015.811
1016.992
1018.308
1019.445
1020.709
1022.473
1025.053
1027.194
1031.386
1033.996
1038.771
1041.060
1046.291
1052.139
1075.366
3015.919
3019.388
3027.093
3035.983
3042.463
3061.047
3104.036
7034.915
7058.793
