617.348
1018.008
1304.907
1713.896
2089.189
2113.142
2127.008
2134.571
2138.748
2142.594
2145.776
2148.627
2151.311
2153.856
2156.179
2158.669
2161.138
2163.431
2165.816
2168.101
2170.335
2172.668
2175.646
2179.139
2182.407
2186.768
2193.116
2207.827
2294.935
2485.463
2506.771
2518.867
2529.955
2543.325
2660.721
2850.316
2873.356
2892.590
2988.046
3139.636
3154.997
3167.127
3182.584
3216.822
3251.239
3387.929
3444.659
3496.003
3541.417
3637.713
3823.686
3887.560
3926.829
3953.799
3980.965
4059.405
4218.882
4318.308
4434.633
4546.666
4631.328
4673.008
4732.508
4877.630
4968.727
5049.997
5141.428
5235.804
5322.189
5412.498
5519.999
5629.101
5720.904
5821.753
5935.135
6050.654
6154.087
6302.840
6440.401
6590.604
6775.267
6980.162
7143.710
7350.065
7535.309
7680.185
7919.026
8157.689
8416.875
8655.141
8931.677
9250.620
9532.569
9881.246
10303.726
10762.003
11465.449
12198.793
13307.645
15083.750
