14.333
14.544
14.600
14.655
14.731
14.841
15.266
15.648
16.180
16.557
17.018
17.463
18.122
18.755
19.397
20.385
21.577
22.942
24.942
28.696
36.996
49.653
60.766
71.701
80.279
87.460
97.067
108.893
128.193
145.030
166.942
184.466
210.025
252.042
293.198
334.220
359.172
393.028
422.804
442.029
465.580
483.051
509.455
526.294
559.471
642.684
827.285
906.541
1011.225
1011.981
1012.948
1013.806
1014.544
1015.673
1016.731
1018.553
1021.527
1029.452
1053.378
1075.940
1100.013
1144.462
1184.487
1282.679
1366.740
1452.390
1588.417
1657.422
1700.975
1744.674
1828.272
1887.915
1937.586
2259.771
2763.953
3016.351
3017.476
3018.488
3019.596
3021.177
3023.512
3031.819
3071.558
3245.291
4668.858
7022.211
7025.375
7027.674
7031.450
7045.958
7139.383
7505.431
15037.431
15042.792
15048.073
15117.077
31055.779
31075.290
31096.176
63147.569
