283.506
1454.224
2535.360
3225.880
3423.106
3804.711
3840.666
3861.426
3883.927
3905.632
3922.567
3941.485
3958.691
3976.736
3991.897
4007.935
4025.204
4043.147
4058.288
4073.313
4087.611
4102.432
4119.791
4140.536
4160.628
4181.718
4198.843
4212.778
4224.910
4237.422
4247.670
4256.591
4266.064
4275.238
4283.728
4291.666
4300.641
4308.635
4317.168
4326.167
4335.583
4343.334
4352.129
4360.919
4370.478
4379.416
4387.512
4395.515
4402.408
4409.570
4415.361
4421.362
4426.733
4433.658
4440.230
4446.897
4454.557
4463.064
4470.811
4479.649
4488.473
4499.582
4511.138
4522.895
4537.282
4551.124
4569.622
4585.368
4604.754
4627.051
4651.221
4678.600
4711.629
4744.728
4781.770
4811.092
4842.005
4868.435
4889.295
4912.136
4933.773
4956.945
4979.018
5005.327
5034.781
5075.891
5131.240
5207.917
5275.809
5334.774
5386.552
5433.984
5501.334
5616.323
5732.253
5843.199
5988.535
6211.307
6752.825
7239.482
