61.212
214.510
258.257
332.489
362.412
389.403
419.986
442.505
446.686
449.238
451.895
453.249
454.008
455.276
456.224
456.998
457.464
458.151
458.957
459.661
460.284
460.738
461.269
461.788
462.611
463.050
463.502
464.067
464.644
465.171
465.544
465.927
466.486
466.976
467.370
467.829
468.166
468.540
468.889
469.213
469.570
470.067
470.540
470.896
471.265
471.584
472.037
472.385
472.627
473.068
473.545
473.880
474.326
474.741
475.039
475.296
475.627
475.956
476.172
476.397
476.846
477.226
477.553
477.943
478.292
478.659
479.062
479.589
479.904
480.287
480.665
481.133
481.714
482.134
482.463
482.921
483.380
483.870
484.487
485.093
485.513
486.048
486.835
487.555
488.375
488.968
489.902
491.164
492.151
493.300
494.775
496.421
498.782
501.564
506.547
509.877
519.301
584.072
699.039
802.298
