340.811
981.148
1500.560
1839.412
1888.053
1911.902
1930.124
1943.013
1958.998
1973.112
1988.109
2000.053
2012.042
2021.405
2031.489
2040.021
2047.043
2052.936
2059.189
2065.481
2071.263
2076.731
2081.819
2087.244
2093.978
2101.140
2107.387
2115.562
2121.709
2126.295
2130.395
2134.470
2138.629
2142.310
2145.720
2149.819
2153.716
2157.461
2162.754
2168.252
2173.429
2179.346
2186.137
2190.734
2195.114
2198.976
2202.593
2205.640
2208.679
2211.551
2214.492
2217.419
2220.195
2223.212
2225.430
2228.140
2230.796
2233.340
2235.908
2238.355
2240.557
2242.641
2245.034
2247.390
2249.649
2252.178
2254.730
2257.777
2260.549
2263.169
2265.597
2268.830
2271.559
2274.375
2277.251
2279.877
2283.072
2286.333
2289.152
2292.998
2296.624
2300.900
2304.785
2310.791
2316.464
2328.148
2407.828
2616.245
2694.068
2974.086
3122.860
3270.334
3388.380
3506.891
3651.723
3980.933
4145.402
4620.416
4844.686
5397.535
