284.777
1510.580
2521.503
3268.560
3674.147
3908.341
4052.958
4087.660
4105.633
4119.717
4131.723
4142.841
4155.245
4168.417
4179.210
4192.429
4202.739
4213.325
4224.837
4235.243
4244.765
4253.063
4264.089
4273.416
4282.406
4291.088
4299.317
4308.029
4316.812
4325.456
4332.096
4339.106
4345.786
4352.585
4359.504
4365.592
4371.799
4377.763
4383.533
4389.520
4395.759
4401.485
4407.387
4413.790
4419.923
4425.801
4431.395
4437.070
4442.304
4448.428
4455.433
4462.980
4470.142
4476.994
4483.570
4491.171
4498.815
4507.147
4516.454
4526.922
4535.546
4545.179
4554.493
4563.527
4573.081
4583.949
4592.818
4602.574
4612.199
4621.463
4632.683
4644.391
4655.671
4668.114
4679.418
4692.594
4706.392
4719.695
4735.436
4756.533
4788.393
4867.151
4965.055
5047.823
5101.782
5142.217
5187.815
5234.022
5277.235
5324.000
5366.726
5408.364
5456.595
5513.105
5610.365
5694.854
5993.247
6246.515
6590.375
7297.908
