23.678
89.555
112.150
136.930
198.201
339.981
393.377
425.622
437.289
441.836
446.579
449.467
451.731
453.565
454.761
455.838
456.720
457.816
458.710
459.348
459.998
460.769
461.477
462.252
462.928
463.863
464.365
464.745
465.147
465.710
466.069
466.567
466.994
467.289
467.594
467.907
468.312
468.732
468.933
469.475
469.698
469.998
470.328
470.621
470.985
471.358
471.772
472.058
472.345
472.646
472.956
473.337
473.568
473.984
474.232
474.538
474.924
475.138
475.434
475.875
476.203
476.538
476.915
477.263
477.728
478.036
478.381
478.862
479.272
479.710
480.298
480.780
481.287
481.785
482.165
482.557
483.071
483.399
483.805
484.419
484.937
485.688
486.602
487.597
488.224
489.064
489.859
490.716
491.877
492.712
494.651
496.725
499.239
502.366
507.613
520.533
561.431
850.181
950.823
1000.239
