178.214
287.350
314.977
356.684
414.718
431.799
438.400
443.831
447.688
449.521
450.911
452.689
453.610
454.683
455.537
456.852
457.543
458.869
459.900
460.769
461.252
461.777
462.356
462.830
463.183
463.668
464.244
464.635
465.278
465.804
466.136
466.808
467.277
467.684
468.117
468.793
469.132
469.416
469.879
470.221
470.534
470.948
471.300
471.608
472.057
472.396
472.667
472.959
473.311
473.689
473.926
474.222
474.534
475.015
475.323
475.888
476.252
476.608
476.975
477.225
477.375
477.719
478.080
478.453
478.974
479.402
479.902
480.274
480.850
481.469
481.905
482.545
483.148
483.818
484.412
484.887
485.377
485.800
486.299
487.521
488.359
489.001
489.874
490.753
491.344
492.287
493.760
494.824
496.365
497.925
500.420
503.435
507.377
512.736
517.197
524.302
548.178
575.171
619.870
642.707
