358.131
555.153
637.362
736.628
930.078
1794.825
1855.769
1900.800
1939.597
1977.596
2003.304
2016.401
2030.807
2039.687
2047.891
2054.791
2060.993
2067.631
2073.225
2077.515
2081.422
2085.044
2088.686
2092.442
2096.197
2098.843
2102.661
2106.577
2109.948
2113.608
2117.522
2121.292
2124.651
2128.842
2132.291
2136.609
2139.522
2143.191
2146.860
2150.437
2154.663
2157.684
2161.449
2164.708
2169.084
2172.815
2177.048
2180.324
2184.522
2188.874
2192.533
2195.234
2198.345
2201.036
2204.149
2206.835
2209.397
2212.143
2214.310
2216.793
2219.677
2222.391
2224.849
2227.285
2230.050
2232.733
2235.756
2238.541
2241.599
2245.386
2248.435
2251.567
2255.243
2259.141
2262.794
2267.026
2271.282
2276.707
2283.333
2289.749
2297.453
2307.641
2318.697
2341.033
2444.666
2567.878
2658.865
2908.571
3063.898
3190.405
3309.377
3474.526
3694.137
3908.655
4041.470
4146.079
4370.091
4682.914
4917.047
5388.821
