14.294
14.564
14.634
14.695
14.802
15.048
15.492
16.021
16.421
16.811
17.175
17.680
18.276
18.878
19.410
20.045
20.768
21.647
22.609
23.686
24.930
26.641
28.635
30.787
33.816
37.723
44.522
56.206
90.244
127.510
171.827
219.392
269.270
335.243
409.550
474.323
560.535
632.848
684.202
748.226
824.558
937.841
1011.655
1012.291
1013.069
1013.821
1014.428
1014.990
1015.706
1016.515
1017.404
1018.837
1020.916
1023.613
1027.905
1036.974
1062.057
1153.786
1319.574
1583.730
2034.031
3016.091
3017.271
3018.272
3019.086
3020.282
3022.198
3024.666
3029.605
3039.166
3189.469
3673.147
4169.514
7023.433
7025.121
7027.045
7029.123
7032.390
7040.223
7116.824
7407.046
15036.032
15040.446
15044.225
15048.857
15055.675
15095.638
15536.008
16047.515
31057.978
31073.547
31083.709
31105.883
31574.984
63128.420
63160.860
63899.535
127217.903
127249.793
127280.062
