130.578
1491.994
2616.703
3243.359
3503.236
3758.532
3819.513
3851.640
3870.895
3887.379
3901.461
3916.495
3928.885
3938.210
3947.116
3957.246
3966.863
3975.843
3984.108
3993.767
4003.673
4013.346
4022.958
4033.162
4045.887
4058.606
4069.349
4078.370
4089.035
4100.501
4111.755
4124.235
4138.346
4150.580
4164.480
4177.269
4191.765
4209.633
4233.016
4261.268
4300.540
4338.636
4362.508
4385.942
4413.901
4440.677
4471.544
4494.116
4513.331
4534.478
4553.636
4570.732
4585.773
4600.245
4615.108
4626.650
4635.378
4645.851
4655.033
4664.753
4676.766
4686.829
4696.024
4708.217
4718.714
4728.865
4739.850
4749.545
4760.027
4770.949
4783.837
4796.384
4809.284
4821.051
4830.158
4839.202
4849.516
4858.718
4868.851
4880.315
4892.101
4909.908
4931.610
4953.758
4979.587
5030.582
5121.459
5205.326
5307.396
5418.647
5484.725
5554.996
5613.775
5671.057
5734.317
5809.162
5914.448
6329.140
6680.904
7433.625
