983.954
1670.413
1792.723
1840.832
1883.033
1901.482
1911.521
1922.902
1931.214
1940.895
1948.983
1957.080
1965.397
1972.432
1980.772
1988.652
1997.240
2006.241
2016.861
2028.038
2036.858
2044.686
2051.271
2057.088
2061.987
2066.362
2070.035
2074.600
2078.334
2082.274
2085.129
2088.124
2092.132
2096.109
2099.656
2103.258
2106.434
2110.072
2113.225
2116.248
2120.343
2123.882
2127.379
2130.877
2134.217
2137.960
2142.101
2146.275
2152.942
2159.550
2169.851
2179.375
2190.480
2199.060
2205.445
2211.645
2216.902
2222.348
2226.792
2231.738
2236.206
2239.575
2244.507
2248.738
2255.500
2259.460
2264.211
2268.870
2272.260
2275.810
2279.073
2282.094
2285.230
2288.583
2292.112
2295.799
2298.973
2302.928
2306.907
2309.996
2317.394
2325.468
2341.015
2493.958
2610.157
2678.174
2768.671
2846.409
2945.248
3043.200
3127.156
3253.927
3408.176
3570.104
3793.972
4087.279
4231.459
4577.394
4849.803
5272.430
