126.886
542.280
804.594
1437.711
1753.102
1834.469
1873.728
1887.884
1898.413
1907.042
1917.914
1930.540
1949.165
1982.253
2003.594
2018.233
2028.998
2038.032
2047.294
2053.870
2059.268
2064.629
2069.966
2075.535
2079.375
2083.469
2088.274
2092.680
2097.525
2101.705
2107.010
2111.733
2117.257
2122.650
2127.404
2132.634
2137.315
2141.300
2144.924
2148.258
2152.024
2155.068
2158.478
2160.946
2163.920
2166.707
2169.674
2172.485
2175.151
2178.368
2181.633
2184.973
2188.264
2191.094
2194.061
2197.048
2200.483
2203.940
2207.183
2209.736
2213.100
2216.024
2218.463
2222.312
2225.832
2229.421
2232.905
2236.799
2241.238
2245.976
2250.751
2255.948
2259.698
2263.681
2267.695
2272.731
2276.914
2282.021
2287.728
2295.149
2303.808
2317.167
2337.840
2439.873
2553.775
2652.231
2842.894
3005.253
3127.742
3237.236
3392.903
3641.380
3848.655
3967.965
4069.000
4152.574
4373.469
4696.571
4894.366
5303.477
