1778.132
2100.276
2109.956
2116.300
2120.927
2124.744
2128.816
2132.070
2135.218
2138.904
2142.550
2145.863
2149.143
2152.877
2156.173
2159.762
2163.982
2168.317
2172.010
2176.236
2180.608
2186.793
2193.759
2203.442
2243.544
2470.460
2486.543
2499.748
2514.260
2529.707
2550.855
2772.181
2831.593
2855.213
2880.314
2912.569
3111.080
3134.467
3153.046
3167.724
3186.238
3211.537
3257.291
3376.349
3429.441
3492.216
3543.805
3609.386
3754.108
3856.694
3888.802
3911.192
3937.502
3973.011
4041.597
4182.645
4271.330
4356.787
4446.137
4544.829
4609.466
4657.439
4728.469
4835.000
4925.226
5001.466
5093.053
5202.153
5276.963
5361.190
5460.301
5584.297
5670.293
5757.973
5858.247
5978.493
6082.683
6208.285
6335.631
6443.510
6566.498
6748.820
6936.267
7109.944
7345.964
7522.114
7703.990
7912.404
8134.943
8417.476
8662.731
8946.306
9253.950
9624.608
10047.985
10570.248
11218.283
12031.147
13038.179
14818.899
