423.094
744.066
945.615
1090.263
1305.426
2059.813
2091.529
2104.293
2111.601
2116.665
2120.758
2123.788
2127.295
2130.606
2133.559
2136.485
2139.626
2142.732
2145.926
2149.817
2154.125
2158.718
2163.981
2169.789
2177.635
2186.693
2196.813
2211.895
2446.947
2473.152
2485.167
2496.967
2517.850
2546.098
2795.051
2831.284
2848.793
2885.085
3069.981
3121.731
3137.104
3156.727
3178.000
3197.831
3243.226
3375.639
3446.559
3494.693
3549.463
3656.992
3816.993
3870.194
3901.411
3926.299
3966.891
4062.142
4191.715
4276.690
4386.453
4482.334
4581.979
4624.586
4692.810
4818.458
4922.307
5000.802
5108.002
5211.142
5288.658
5385.421
5525.488
5622.911
5702.217
5807.556
5933.411
6076.452
6243.630
6388.160
6548.010
6725.046
6915.594
7098.696
7281.923
7457.324
7633.434
7798.418
8025.762
8236.730
8454.545
8710.609
8966.564
9247.022
9546.625
9873.710
10297.006
10844.461
11423.968
12127.387
13142.961
14772.219
