331.042
1550.721
2606.268
3184.135
3803.741
3895.942
3937.584
3978.884
4025.462
4065.578
4088.224
4106.912
4122.754
4138.629
4153.197
4165.250
4178.366
4191.069
4204.551
4215.507
4225.841
4236.851
4246.938
4258.977
4268.958
4277.040
4286.912
4296.111
4305.051
4312.735
4319.686
4326.785
4334.280
4340.833
4346.175
4352.140
4358.509
4364.348
4370.941
4377.401
4384.228
4390.965
4397.787
4403.360
4410.146
4416.588
4423.460
4430.389
4437.530
4445.025
4453.456
4461.467
4469.580
4477.406
4484.870
4491.593
4497.583
4504.492
4511.397
4519.411
4527.387
4535.893
4544.052
4552.903
4562.098
4570.647
4581.172
4591.699
4602.645
4613.277
4625.720
4636.471
4646.979
4658.488
4673.104
4688.357
4705.410
4720.704
4740.619
4769.567
4815.280
4865.281
4900.422
4974.433
5049.332
5101.859
5144.204
5202.994
5252.143
5301.885
5342.719
5379.484
5418.178
5468.047
5538.009
5640.333
5811.661
6140.797
6424.537
7502.384
