1666.223
2102.246
2124.158
2134.264
2142.718
2148.449
2153.854
2158.451
2162.858
2167.059
2171.249
2175.636
2179.972
2183.878
2188.038
2192.455
2196.357
2200.505
2204.312
2208.778
2213.523
2218.385
2223.677
2229.687
2236.765
2246.813
2290.774
2491.942
2519.052
2536.966
2558.630
2577.065
2616.304
2855.801
2900.686
2945.146
3095.435
3150.110
3169.457
3186.892
3202.388
3218.586
3236.837
3277.878
3344.023
3436.241
3504.250
3556.921
3618.117
3763.156
3873.822
3925.480
3956.558
3991.359
4037.465
4123.950
4257.697
4349.170
4472.010
4570.950
4656.176
4712.843
4774.481
4882.250
4977.429
5051.498
5145.885
5236.333
5298.708
5365.078
5448.944
5535.352
5624.817
5708.711
5821.111
5937.693
6069.881
6194.637
6310.888
6447.811
6585.280
6743.856
6929.635
7120.784
7318.388
7530.247
7687.274
7886.764
8077.768
8343.222
8577.708
8849.296
9158.289
9572.127
9942.676
10429.085
11100.661
11943.229
12908.646
14851.149
