373.552
1021.742
1547.657
1773.396
1850.470
1883.567
1903.713
1917.063
1927.163
1937.959
1947.376
1958.933
1967.442
1974.729
1981.991
1987.613
1993.682
2000.770
2007.007
2013.099
2023.358
2033.902
2042.987
2053.320
2062.618
2072.801
2079.060
2085.993
2095.579
2103.658
2110.470
2117.779
2124.261
2130.482
2136.718
2141.848
2146.192
2151.535
2157.303
2162.137
2167.311
2172.576
2177.142
2181.120
2185.904
2190.367
2195.597
2200.129
2205.487
2211.309
2216.291
2221.136
2226.040
2229.994
2233.636
2237.210
2240.800
2243.724
2247.149
2250.049
2252.865
2254.929
2256.975
2259.714
2262.294
2264.819
2267.593
2269.861
2272.700
2275.095
2277.441
2280.613
2283.974
2287.491
2290.272
2293.784
2296.951
2300.292
2304.057
2308.059
2312.103
2316.546
2321.204
2326.767
2335.303
2353.220
2555.218
2650.849
2875.270
3030.950
3140.061
3268.918
3360.455
3494.005
3705.234
4056.136
4233.608
4631.867
4910.518
5364.129
