14.457
14.545
14.619
14.668
14.699
14.747
14.835
15.008
15.727
16.207
16.802
17.252
18.028
18.858
19.476
20.271
21.122
21.662
22.784
23.616
24.818
26.494
28.045
29.609
31.832
34.559
37.047
39.172
42.380
45.380
49.864
57.050
63.976
70.449
82.715
94.950
103.923
114.976
120.057
124.903
129.348
132.307
135.031
139.616
143.610
146.160
148.779
151.125
154.384
157.151
159.779
162.485
165.588
174.042
187.228
201.061
211.204
215.587
217.778
219.391
220.808
222.624
223.698
225.227
226.891
229.769
230.834
232.519
234.985
236.645
239.176
241.899
245.861
249.021
250.983
253.764
259.087
275.455
298.204
1012.245
1013.786
1015.270
1026.408
1058.843
3016.449
3018.318
3019.176
3021.414
3024.235
3032.044
3078.871
7025.970
7030.708
7043.116
7083.649
7119.037
7231.121
15049.846
15067.902
15243.236
