13.860
13.987
14.021
14.066
14.097
14.128
14.154
14.194
14.238
14.313
14.390
14.764
15.060
15.460
15.703
15.966
16.286
16.695
17.168
17.445
17.792
18.056
18.372
18.573
18.915
19.266
19.603
19.780
20.092
20.592
21.082
21.599
21.983
22.289
22.831
23.400
24.047
24.501
24.939
25.839
26.570
27.259
27.754
28.441
29.528
30.402
31.385
32.587
33.443
35.343
36.783
38.144
39.726
41.436
43.473
45.918
49.604
52.126
55.007
58.598
63.450
80.141
111.635
145.314
163.983
180.564
202.205
237.993
251.418
297.873
378.675
454.437
1010.322
1011.586
1012.689
1013.448
1013.963
1014.762
1015.517
1016.368
1017.145
1018.523
1020.103
1022.444
1025.243
1029.672
1036.355
1044.435
1096.814
3016.623
3017.747
3018.888
3022.276
3027.287
3047.240
7024.333
7028.488
7040.096
15034.808
15052.929
