26.772
154.829
270.132
339.793
361.830
385.469
419.147
435.550
446.071
449.307
451.991
453.211
454.258
455.533
456.614
457.793
458.687
459.502
460.142
460.585
461.100
461.596
462.192
462.841
463.663
464.091
464.404
464.954
465.323
465.724
466.146
466.485
466.988
467.544
467.836
468.299
468.592
469.027
469.282
469.647
470.007
470.250
470.587
470.900
471.218
471.545
471.943
472.191
472.556
472.896
473.263
473.540
473.799
474.243
474.600
474.955
475.280
475.805
476.201
476.458
476.679
477.117
477.586
478.093
478.449
478.951
479.297
479.736
480.088
480.413
480.916
481.442
482.041
482.695
483.095
483.496
483.944
484.453
485.073
485.695
486.363
487.028
487.619
488.358
489.202
489.852
490.866
491.950
493.258
494.793
496.412
498.873
503.351
510.006
521.821
535.543
547.508
581.398
693.569
832.345
