210.971
497.233
588.580
675.385
772.267
1687.548
1758.857
1819.843
1847.320
1865.111
1883.717
1905.427
1937.051
1951.450
1963.515
1977.553
1989.484
1997.805
2007.312
2015.895
2027.514
2038.804
2051.095
2059.434
2067.325
2074.431
2081.024
2086.912
2092.104
2095.639
2100.010
2104.336
2108.798
2112.392
2116.741
2120.160
2123.545
2126.347
2129.826
2133.397
2136.427
2139.357
2142.719
2147.011
2150.272
2154.104
2158.236
2163.033
2166.762
2169.944
2174.756
2178.102
2182.246
2185.884
2190.109
2193.920
2197.940
2201.722
2204.901
2207.997
2211.179
2215.047
2218.625
2221.403
2224.918
2227.854
2230.407
2233.252
2236.441
2239.361
2242.321
2245.721
2249.326
2253.147
2257.748
2262.763
2267.837
2272.806
2277.529
2283.710
2292.041
2303.046
2334.020
2482.178
2585.085
2689.310
2894.476
3059.482
3172.873
3281.391
3474.404
3734.435
3949.140
4056.197
4154.933
4284.574
4515.014
4782.063
4977.472
5375.686
