209.907
840.638
1289.840
1596.560
1684.315
1726.930
1754.558
1774.890
1812.242
1882.003
1943.940
1973.728
1994.877
2013.726
2028.079
2043.369
2053.336
2064.739
2071.990
2080.526
2089.137
2096.947
2106.105
2113.568
2120.790
2128.002
2134.320
2140.697
2146.105
2151.251
2156.414
2161.203
2165.681
2169.896
2174.639
2180.262
2185.764
2191.192
2197.270
2203.453
2209.412
2216.397
2223.794
2233.852
2242.999
2253.056
2262.178
2272.838
2284.979
2298.476
2313.150
2326.130
2342.269
2355.728
2371.060
2385.509
2399.604
2413.906
2422.619
2430.543
2437.606
2446.899
2456.871
2465.547
2472.044
2478.561
2483.863
2487.998
2494.143
2499.426
2503.848
2509.513
2515.000
2520.681
2526.852
2534.055
2541.973
2551.823
2560.522
2569.694
2577.539
2587.563
2597.027
2604.126
2613.832
2623.242
2631.882
2641.142
2651.990
2664.765
2685.580
2715.608
2745.928
2786.694
2820.380
2861.137
2887.171
2904.666
2927.094
2951.928
