175.620
310.897
365.260
418.986
433.751
439.360
444.762
449.165
450.293
452.665
453.869
455.087
456.470
457.312
458.379
459.197
460.117
460.777
461.339
461.995
462.700
463.191
463.753
464.362
464.785
465.263
465.661
466.066
466.349
466.800
467.124
467.758
468.069
468.344
468.667
469.024
469.334
469.629
470.015
470.398
470.534
470.859
471.350
471.679
471.913
472.308
472.567
472.786
472.944
473.220
473.518
473.742
474.027
474.272
474.541
474.833
475.248
475.515
475.735
476.111
476.526
476.932
477.217
477.564
477.894
478.312
478.768
479.049
479.439
479.808
480.310
480.636
481.097
481.442
481.860
482.414
482.701
483.194
483.799
484.488
485.170
485.557
485.997
486.705
487.615
488.401
489.626
490.904
491.964
493.152
494.575
495.587
496.931
498.918
501.153
505.954
514.370
523.346
563.431
680.290
