22.334
39.712
45.529
56.203
72.281
273.188
342.018
403.588
428.287
436.350
443.517
446.508
450.117
452.185
453.258
454.479
455.561
456.753
457.879
458.768
459.524
460.557
461.527
462.546
463.126
463.643
464.267
464.867
465.426
465.919
466.305
467.022
467.494
467.899
468.320
468.644
468.902
469.358
469.662
470.147
470.603
470.858
471.116
471.412
471.699
472.057
472.329
472.529
472.839
473.077
473.328
473.703
474.174
474.524
474.867
475.145
475.473
475.705
476.089
476.292
476.794
477.107
477.498
477.773
478.330
478.673
479.077
479.357
479.790
480.212
480.675
481.117
481.586
482.178
482.990
483.458
483.847
484.228
484.949
485.434
486.096
486.955
488.128
488.997
490.011
491.314
493.314
494.842
496.594
500.115
505.002
511.465
519.948
528.533
548.846
578.881
754.419
921.781
1002.443
1023.194
