76.204
273.383
372.717
402.413
416.801
422.850
430.318
433.487
436.834
439.297
440.694
442.205
443.632
445.030
446.071
447.412
448.725
449.885
451.056
451.709
452.294
452.971
453.910
454.440
455.269
455.835
456.707
457.092
457.522
457.981
458.463
458.927
459.519
460.144
460.639
461.169
461.507
461.846
462.212
462.595
462.983
463.592
463.881
464.320
464.814
465.244
465.500
465.748
466.058
466.445
466.839
467.503
467.961
468.353
468.831
469.469
469.922
470.322
470.699
471.069
471.511
471.916
472.351
472.740
473.303
473.733
474.221
474.620
475.105
475.674
476.339
476.694
477.118
477.586
478.055
478.539
478.799
479.288
479.755
480.407
480.860
481.443
482.243
483.179
484.152
485.469
486.953
488.382
489.389
490.897
492.988
494.539
496.420
500.258
503.378
511.253
519.958
527.030
560.845
652.923
