155.739
819.801
1370.737
1809.913
1953.723
2002.718
2022.775
2036.918
2049.027
2061.973
2071.219
2081.836
2095.871
2107.299
2116.085
2125.911
2134.558
2141.574
2147.862
2154.996
2161.442
2167.598
2175.313
2181.595
2187.830
2193.421
2199.512
2206.143
2213.432
2218.897
2225.675
2231.805
2238.088
2243.255
2248.797
2254.104
2259.456
2265.364
2270.693
2276.115
2282.593
2287.232
2292.041
2296.888
2301.275
2306.003
2310.525
2314.765
2318.434
2322.178
2327.122
2331.181
2335.510
2340.153
2344.520
2348.613
2352.902
2357.509
2362.493
2367.078
2371.280
2376.456
2381.134
2386.304
2390.757
2395.514
2401.297
2406.789
2411.395
2418.443
2424.710
2431.032
2438.067
2444.980
2451.608
2457.362
2462.512
2471.125
2477.890
2483.530
2490.123
2498.235
2506.652
2514.248
2524.581
2534.273
2543.557
2552.418
2561.180
2570.508
2579.788
2589.579
2599.132
2610.604
2623.077
2638.572
2654.452
2699.512
2768.138
2893.818
