361.846
1280.930
2073.727
2107.596
2122.918
2130.718
2137.326
2142.832
2148.313
2153.658
2157.726
2163.012
2167.483
2172.324
2177.838
2183.385
2188.608
2194.028
2200.160
2207.971
2213.852
2219.595
2225.314
2231.670
2237.760
2244.806
2254.756
2277.626
2476.677
2502.861
2525.850
2551.064
2584.595
2627.816
2844.624
2881.362
2932.248
3008.169
3134.071
3160.712
3183.215
3204.276
3220.227
3236.712
3275.335
3357.996
3445.972
3508.004
3565.309
3632.799
3798.478
3881.984
3919.354
3953.325
3987.216
4042.953
4143.365
4274.619
4375.291
4481.780
4602.375
4662.759
4741.547
4827.497
4946.084
5024.504
5127.955
5238.208
5318.489
5393.948
5501.442
5605.252
5696.551
5784.835
5895.371
6019.873
6143.953
6267.394
6396.122
6550.271
6707.900
6882.772
7071.752
7252.045
7485.349
7678.897
7851.226
8062.262
8253.363
8490.422
8723.270
8988.376
9336.959
9693.641
10085.901
10535.249
11124.123
11871.242
12908.911
14897.796
