154.533
335.709
381.905
416.214
428.472
434.112
437.527
440.648
443.370
445.582
447.073
448.317
449.236
450.353
451.302
451.942
452.663
453.257
453.672
454.274
454.840
455.391
455.892
456.299
456.716
457.232
457.627
457.947
458.411
459.032
459.440
459.692
459.985
460.220
460.593
460.865
461.107
461.415
461.798
462.207
462.473
462.773
462.981
463.437
463.825
464.104
464.518
464.814
465.022
465.366
465.639
465.957
466.206
466.567
466.903
467.263
467.750
467.999
468.425
468.909
469.228
469.541
470.006
470.368
470.661
471.101
471.738
472.160
472.621
473.154
473.467
473.901
474.325
474.963
475.336
475.720
476.199
476.831
477.496
478.275
478.858
479.448
480.443
481.593
482.297
483.111
484.210
485.506
486.294
487.456
488.483
490.210
492.107
493.315
495.300
497.593
502.261
507.993
529.105
641.711
