187.238
372.764
403.090
420.403
432.049
442.771
448.725
451.711
453.859
455.248
456.782
458.179
459.319
460.111
460.791
461.408
461.920
462.320
462.788
463.312
463.777
464.258
464.724
464.985
465.413
465.724
466.021
466.339
466.642
466.950
467.334
467.668
467.895
468.186
468.430
468.836
469.130
469.452
469.636
469.989
470.203
470.568
470.914
471.252
471.429
471.572
471.841
472.243
472.493
472.832
473.229
473.442
473.772
474.082
474.276
474.610
474.817
475.084
475.437
475.665
476.043
476.355
476.586
476.969
477.381
477.848
478.131
478.390
478.681
478.993
479.278
479.554
479.877
480.111
480.602
481.028
481.291
481.709
482.316
482.583
483.080
483.685
484.149
484.504
485.070
485.634
486.030
486.855
487.588
488.380
489.439
490.885
491.858
493.239
495.538
498.397
508.469
534.723
625.772
648.690
