153.183
753.857
1326.493
1498.449
1551.489
1578.150
1593.726
1606.123
1616.956
1624.879
1634.764
1643.675
1652.779
1660.628
1669.661
1678.275
1687.733
1697.942
1713.666
1746.214
1798.334
1902.592
1983.816
2017.167
2035.250
2051.220
2062.159
2069.901
2078.689
2087.305
2096.125
2104.408
2112.399
2119.573
2130.191
2139.940
2150.243
2158.875
2169.684
2179.063
2192.072
2205.963
2219.106
2238.640
2255.351
2273.770
2287.848
2299.687
2312.296
2326.354
2339.651
2351.092
2361.323
2371.282
2384.476
2399.085
2418.286
2437.964
2454.935
2467.982
2478.600
2489.098
2500.458
2511.690
2522.138
2532.141
2539.584
2547.928
2555.503
2563.247
2571.292
2580.120
2590.351
2599.875
2608.040
2616.605
2624.918
2633.100
2643.430
2653.689
2667.733
2685.144
2724.816
2782.959
2862.157
2888.285
2899.670
2909.644
2920.052
2929.116
2936.024
2942.181
2949.178
2955.108
2961.977
2968.781
2977.660
2987.780
3002.840
3042.359
