160.542
808.611
1284.433
1707.129
1923.867
1959.525
1979.684
2000.121
2020.429
2032.867
2045.046
2056.862
2065.897
2072.554
2082.444
2090.176
2098.351
2106.106
2114.682
2123.747
2132.929
2144.613
2160.076
2175.549
2185.726
2195.424
2202.949
2210.736
2219.042
2225.389
2230.587
2235.957
2241.709
2248.112
2255.340
2261.387
2266.387
2271.503
2277.348
2282.144
2287.163
2291.833
2295.645
2300.816
2306.374
2310.340
2315.254
2319.696
2324.010
2328.437
2333.551
2338.563
2343.052
2346.295
2350.810
2354.761
2360.444
2367.495
2373.230
2378.372
2384.065
2390.026
2396.229
2401.123
2407.710
2412.981
2419.038
2424.489
2429.864
2434.780
2440.028
2446.113
2453.064
2460.086
2466.266
2473.122
2480.778
2490.697
2499.433
2508.677
2518.340
2527.123
2536.760
2546.828
2554.166
2562.165
2569.951
2578.420
2586.428
2594.645
2604.597
2615.804
2626.537
2637.061
2648.217
2659.165
2672.214
2686.949
2706.853
2728.887
