174.825
275.761
413.709
436.485
443.907
446.857
448.483
450.545
452.133
454.226
455.101
455.811
456.817
457.667
458.460
459.321
460.384
461.071
461.844
462.302
463.050
463.550
463.929
464.527
465.221
465.622
466.048
466.727
467.135
467.512
467.798
468.161
468.602
469.024
469.464
469.770
470.125
470.550
470.795
471.080
471.436
471.751
472.059
472.349
472.699
472.958
473.179
473.409
473.664
473.973
474.213
474.464
474.893
475.193
475.542
475.776
476.108
476.487
476.820
477.134
477.516
477.854
478.250
478.585
478.926
479.351
479.839
480.271
480.571
480.931
481.277
481.706
482.370
482.827
483.201
483.470
484.096
484.571
484.967
485.383
485.887
486.620
487.447
488.250
489.071
490.010
491.766
492.807
493.605
494.991
496.622
499.187
502.351
506.876
514.318
526.308
547.321
582.074
623.881
650.374
