1638.325
2122.133
2133.578
2140.977
2146.367
2150.988
2154.327
2157.548
2160.951
2164.462
2167.559
2170.789
2174.097
2177.067
2180.302
2183.801
2187.052
2190.565
2194.369
2198.930
2203.477
2207.812
2212.278
2217.468
2224.659
2240.913
2490.272
2511.830
2528.405
2544.459
2561.821
2585.818
2844.837
2884.197
2912.991
2958.490
3129.421
3155.602
3172.276
3185.942
3201.662
3216.163
3240.477
3293.596
3383.230
3441.353
3503.442
3553.507
3611.642
3763.731
3876.824
3916.361
3947.821
3974.742
4011.141
4070.974
4221.222
4314.988
4413.269
4511.380
4614.094
4676.044
4734.240
4818.614
4921.755
5008.154
5089.406
5216.617
5289.788
5367.040
5444.936
5527.512
5623.887
5716.562
5815.265
5949.347
6059.590
6171.004
6289.934
6431.407
6571.922
6734.473
6917.863
7120.685
7307.904
7504.814
7652.379
7829.300
8083.258
8352.020
8626.430
8931.574
9268.311
9633.062
10016.989
10561.084
11097.002
11759.887
12751.007
14731.119
