1693.469
2097.310
2109.787
2118.399
2125.437
2130.997
2135.507
2139.715
2143.607
2147.265
2150.878
2154.346
2157.652
2160.690
2164.109
2167.755
2171.441
2175.121
2178.160
2182.598
2186.861
2191.198
2196.873
2203.207
2211.964
2227.184
2454.934
2488.929
2508.089
2523.283
2540.627
2559.316
2749.975
2844.646
2872.907
2903.135
3002.033
3129.412
3150.865
3166.014
3183.116
3200.294
3229.100
3294.078
3413.559
3464.623
3524.631
3583.125
3713.251
3846.274
3890.410
3924.248
3955.490
3986.228
4066.214
4208.079
4286.790
4377.436
4471.893
4567.568
4629.999
4676.008
4746.223
4854.326
4945.915
5025.867
5122.199
5226.999
5298.955
5394.327
5475.883
5583.359
5678.926
5771.568
5873.044
5982.392
6096.424
6197.654
6329.401
6450.293
6578.082
6750.801
6925.390
7084.475
7303.352
7517.765
7711.789
7901.496
8136.273
8419.677
8694.556
8963.576
9288.633
9678.020
10092.667
10574.817
11203.793
11977.902
12863.159
14558.260
