14.367
14.514
14.576
14.610
14.649
14.675
14.704
14.789
14.972
15.389
15.888
16.179
16.514
16.747
17.017
17.250
17.485
17.714
18.059
18.583
19.120
19.818
20.317
20.992
21.534
22.554
23.220
24.296
24.834
25.744
27.057
28.155
30.424
32.079
33.282
35.153
37.120
38.779
41.620
46.308
56.236
64.763
81.158
93.312
106.028
116.496
124.442
131.091
137.453
146.465
158.646
179.947
193.407
205.584
212.808
219.959
222.223
224.500
227.126
228.389
230.481
232.835
235.063
239.156
245.536
247.388
249.123
250.161
251.262
252.429
253.457
255.113
256.892
260.151
268.126
292.840
373.534
1011.604
1012.874
1014.024
1014.677
1015.642
1017.224
1019.169
1023.818
1031.879
3015.904
3017.587
3018.875
3020.812
3026.438
3097.216
7020.625
7026.681
7031.176
7238.550
15050.770
15071.111
15119.086
31090.118
