67.303
266.498
364.709
393.445
406.832
414.805
423.977
430.748
434.124
437.604
441.199
443.118
445.336
446.817
447.864
448.906
449.780
451.077
452.005
452.902
454.150
454.577
455.273
455.726
456.411
456.923
457.206
457.549
457.926
458.264
458.696
459.106
459.530
459.879
460.381
460.722
460.987
461.321
461.559
461.913
462.240
462.652
462.968
463.286
463.560
463.886
464.161
464.532
464.708
465.040
465.318
465.662
465.965
466.347
466.715
467.108
467.508
467.942
468.458
468.880
469.217
469.639
470.069
470.619
471.103
471.635
472.308
472.660
473.350
473.827
474.064
474.531
475.034
475.690
476.466
477.328
478.123
479.406
480.205
480.849
481.829
482.381
483.504
484.633
485.846
487.600
489.228
491.495
493.424
494.629
496.242
499.627
503.584
505.353
509.299
520.091
532.668
550.910
591.525
673.384
