28.674
45.903
49.428
55.087
61.393
144.439
337.552
372.967
404.568
424.896
439.890
445.116
450.201
453.467
455.229
457.380
458.484
459.409
460.355
460.996
461.899
462.504
462.991
463.534
464.123
464.597
465.020
465.419
465.804
466.224
466.676
466.951
467.434
467.765
468.123
468.524
468.784
469.085
469.341
469.651
469.953
470.289
470.622
471.096
471.443
471.704
471.986
472.250
472.573
472.772
473.050
473.415
473.602
473.855
474.162
474.399
474.794
475.051
475.271
475.541
475.897
476.130
476.381
476.647
476.895
477.103
477.470
477.923
478.325
478.836
479.087
479.307
479.679
480.070
480.359
480.879
481.391
481.772
482.491
483.007
483.652
484.245
484.914
485.641
486.240
486.908
488.172
489.220
490.287
491.757
493.577
495.709
499.369
505.588
516.870
551.172
822.716
1017.953
1102.932
1222.714
