238.087
1467.270
2562.123
3263.493
3381.025
3438.243
3494.751
3538.485
3593.318
3630.407
3666.168
3712.227
3760.670
3802.865
3841.710
3868.322
3893.911
3912.402
3932.437
3948.555
3968.183
3985.168
3999.557
4012.934
4028.375
4044.231
4058.984
4071.206
4085.031
4099.036
4113.192
4129.304
4143.783
4159.071
4176.378
4195.070
4213.265
4227.069
4244.464
4260.732
4280.287
4300.515
4319.544
4341.194
4360.393
4386.493
4410.487
4430.234
4451.849
4473.976
4493.590
4514.577
4532.511
4552.882
4568.494
4582.966
4596.685
4609.622
4621.460
4634.239
4648.011
4662.062
4676.525
4690.114
4705.699
4719.066
4734.039
4749.640
4763.665
4777.767
4793.838
4810.739
4826.959
4844.247
4858.899
4873.714
4886.958
4900.346
4913.786
4925.543
4937.881
4953.591
4968.928
4987.471
5016.051
5050.279
5090.700
5192.009
5292.134
5400.787
5498.661
5645.652
5721.434
5796.892
5863.235
5952.669
6256.907
6686.126
7160.045
7851.391
