776.742
1361.547
1756.697
1812.999
1838.204
1862.061
1889.812
1906.208
1919.179
1927.014
1934.780
1942.843
1950.206
1957.344
1964.327
1972.474
1981.842
1990.542
2000.524
2009.862
2017.517
2023.952
2030.862
2036.904
2042.242
2047.793
2054.221
2059.324
2063.803
2068.571
2073.253
2077.038
2080.881
2084.838
2088.813
2091.530
2094.886
2098.578
2101.873
2105.371
2108.787
2112.776
2116.429
2119.750
2123.966
2127.927
2132.781
2136.850
2141.856
2145.723
2149.710
2154.569
2159.355
2165.145
2171.872
2177.682
2184.220
2192.580
2200.078
2207.684
2216.170
2223.056
2228.419
2232.910
2237.552
2241.107
2244.771
2247.543
2251.285
2254.797
2258.395
2261.937
2265.766
2268.672
2272.785
2276.135
2279.978
2284.631
2288.878
2294.202
2300.643
2317.916
2403.720
2498.963
2611.643
2678.453
2868.960
2972.996
3076.407
3176.794
3290.207
3439.654
3569.719
3710.052
3845.377
4045.998
4223.475
4508.267
4791.328
5277.267
