541.005
690.935
816.536
922.269
1337.702
1722.261
1802.192
1825.021
1840.260
1858.059
1876.408
1890.709
1905.469
1919.762
1932.755
1944.750
1956.629
1966.926
1977.344
1988.940
2002.277
2011.240
2021.097
2030.401
2040.796
2051.766
2062.688
2069.189
2075.090
2081.527
2088.402
2093.414
2098.515
2102.689
2107.886
2111.953
2116.655
2121.655
2126.495
2131.121
2135.337
2140.802
2146.910
2152.059
2157.232
2162.993
2169.081
2174.798
2180.134
2185.210
2189.352
2193.714
2197.938
2201.437
2205.638
2209.251
2212.866
2216.663
2220.476
2224.042
2227.597
2230.556
2233.606
2236.823
2239.814
2242.874
2246.248
2249.272
2252.224
2255.196
2258.032
2260.871
2264.909
2268.173
2271.777
2275.206
2279.297
2282.970
2286.610
2291.869
2298.611
2305.675
2314.751
2337.054
2535.964
2624.504
2839.378
2974.982
3122.997
3239.549
3323.085
3513.618
3809.847
3980.775
4074.637
4191.879
4525.829
4779.260
4970.878
5494.274
