230.978
1435.761
2506.253
3164.302
3618.329
3739.347
3797.080
3836.421
3868.318
3901.259
3935.447
3959.132
3978.003
3996.601
4014.198
4029.127
4045.203
4060.118
4076.976
4093.129
4110.445
4124.936
4138.620
4155.559
4171.614
4187.584
4202.191
4214.918
4227.622
4242.107
4256.862
4269.011
4285.168
4298.449
4308.651
4319.083
4328.983
4338.071
4349.584
4359.153
4368.745
4376.559
4384.530
4393.660
4401.053
4408.584
4415.645
4424.426
4432.423
4441.345
4448.796
4456.808
4465.257
4474.509
4485.381
4494.135
4505.041
4515.795
4527.356
4539.048
4551.505
4564.222
4574.739
4588.945
4604.052
4619.286
4636.127
4652.458
4670.359
4687.357
4701.813
4716.108
4728.560
4741.683
4756.262
4767.472
4779.548
4791.953
4804.975
4821.916
4841.219
4862.526
4885.738
4920.405
4955.946
5002.979
5065.532
5127.641
5198.291
5303.597
5366.312
5432.418
5504.521
5596.070
5687.060
5789.851
5954.722
6450.185
7096.125
7642.726
