36.070
97.878
189.416
270.232
311.157
375.963
404.882
428.378
436.878
446.098
450.660
451.962
453.777
454.398
455.412
456.226
457.270
458.254
458.751
459.691
460.281
461.167
461.645
462.138
462.632
463.123
463.550
464.073
464.671
465.235
465.563
466.150
466.680
467.012
467.342
467.683
468.019
468.449
468.772
469.002
469.398
469.838
470.342
470.765
471.250
471.563
472.036
472.452
472.738
472.960
473.401
473.680
474.109
474.476
474.949
475.260
475.540
475.941
476.168
476.478
477.016
477.453
477.824
478.273
478.685
479.000
479.449
479.769
480.137
480.430
480.808
481.335
481.796
482.548
483.175
483.687
484.119
484.658
485.161
485.646
486.339
486.958
487.592
488.342
489.342
490.732
492.161
493.572
495.123
496.531
498.599
501.751
506.242
518.609
536.448
557.230
576.371
691.384
869.299
899.927
