403.923
834.769
1284.969
1718.919
2068.861
2108.631
2124.745
2134.856
2141.884
2148.407
2152.689
2156.642
2160.322
2163.865
2166.993
2170.115
2173.223
2176.486
2179.356
2182.772
2186.231
2189.263
2192.691
2196.609
2201.197
2206.040
2212.434
2222.066
2263.482
2480.873
2513.335
2530.426
2546.117
2565.873
2786.222
2872.079
2900.552
2936.531
3136.612
3157.675
3172.882
3188.027
3206.606
3241.934
3326.410
3419.586
3475.538
3533.535
3604.551
3771.119
3873.239
3916.742
3947.396
3977.926
4013.719
4109.807
4251.680
4330.490
4442.863
4556.678
4636.224
4692.835
4751.786
4880.991
4970.085
5050.415
5158.609
5254.474
5325.568
5431.955
5539.886
5639.255
5741.945
5838.226
5946.767
6082.382
6212.741
6347.043
6480.443
6623.258
6799.563
6987.310
7162.255
7375.436
7572.408
7717.118
7907.697
8133.995
8391.409
8596.881
8832.746
9127.414
9449.688
9761.252
10165.915
10631.043
11262.629
11924.036
12909.608
14606.335
