548.647
1538.560
1816.508
2094.157
2105.275
2112.204
2117.668
2121.898
2125.825
2128.960
2132.675
2136.132
2139.919
2142.920
2146.283
2149.623
2153.119
2156.816
2161.002
2165.915
2170.894
2176.572
2183.185
2190.214
2198.698
2213.121
2409.407
2472.762
2489.684
2502.388
2520.144
2546.661
2762.588
2833.258
2854.304
2887.545
2992.831
3119.967
3139.919
3155.364
3171.967
3192.756
3217.717
3271.877
3363.049
3422.776
3474.368
3529.341
3589.295
3747.525
3843.002
3886.351
3914.301
3941.577
3985.086
4097.601
4228.188
4299.898
4413.987
4544.436
4613.241
4660.518
4735.001
4858.151
4947.506
5030.888
5128.156
5219.438
5297.406
5390.633
5492.424
5589.134
5672.641
5772.362
5893.770
6020.835
6138.305
6267.882
6380.408
6530.278
6683.020
6884.619
7038.027
7212.310
7409.605
7608.833
7804.930
8020.795
8274.334
8511.016
8717.898
9013.163
9352.143
9676.046
10004.250
10470.201
11014.719
11853.177
12808.252
14369.162
