14.327
14.639
14.749
15.057
16.246
17.146
18.315
19.613
21.403
23.559
25.915
29.399
35.218
46.467
61.269
97.976
140.589
173.849
186.778
203.048
219.852
229.877
242.956
256.561
283.096
302.325
328.399
348.285
365.542
379.601
400.734
415.079
425.532
433.882
461.519
516.855
573.452
592.753
606.802
622.463
724.979
803.094
899.151
945.398
990.171
1012.635
1014.889
1017.508
1025.232
1062.242
1108.050
1172.622
1239.891
1296.549
1350.165
1404.309
1475.740
1551.969
1583.163
1608.212
1643.241
1685.960
1726.054
1757.394
1786.668
1814.862
1855.647
1885.076
1907.088
1923.905
1938.794
1962.949
1995.735
2040.638
2076.910
2118.021
2207.553
2275.628
2307.308
2336.382
2369.584
2394.658
2512.023
2697.502
2816.870
2921.960
3015.941
3019.865
3060.876
3606.109
4016.150
4815.766
5040.100
5383.226
7027.039
7573.055
15037.871
15272.515
31086.819
63109.805
