157.716
730.381
1269.029
1764.812
1941.625
1961.056
1972.447
1981.938
1989.597
1996.066
2002.688
2010.975
2018.513
2027.309
2037.713
2047.709
2062.067
2072.469
2082.849
2094.671
2106.835
2118.060
2126.602
2133.934
2140.541
2146.555
2152.525
2157.419
2163.182
2168.748
2175.793
2182.779
2188.403
2196.300
2203.729
2212.120
2221.343
2228.593
2235.982
2242.820
2253.113
2264.701
2272.922
2280.686
2287.695
2293.911
2300.810
2307.458
2315.592
2325.933
2336.229
2344.252
2351.954
2358.699
2365.329
2372.383
2381.268
2390.177
2398.265
2406.364
2413.946
2421.189
2431.513
2440.990
2449.584
2456.691
2464.200
2470.505
2475.508
2480.681
2487.212
2492.772
2499.294
2505.064
2511.468
2518.715
2525.244
2532.112
2539.028
2548.165
2556.794
2564.913
2575.239
2584.141
2593.322
2604.709
2613.390
2624.576
2632.545
2638.704
2646.185
2652.643
2657.942
2663.579
2669.592
2676.132
2684.698
2694.465
2706.143
2729.976
