92.991
446.471
537.094
640.638
819.066
1583.843
1680.200
1718.988
1748.113
1776.085
1805.621
1832.518
1856.771
1886.588
1912.581
1943.616
1959.031
1970.996
1982.718
1998.957
2018.643
2036.516
2054.955
2069.996
2083.514
2095.364
2103.959
2112.657
2121.458
2129.410
2135.324
2140.438
2144.720
2148.501
2152.365
2156.268
2160.090
2163.348
2166.637
2169.786
2173.171
2176.664
2180.032
2183.612
2187.554
2190.682
2194.460
2198.202
2202.728
2206.739
2210.255
2214.082
2217.104
2220.451
2223.264
2225.779
2228.382
2231.743
2233.954
2236.646
2239.665
2242.160
2245.052
2247.613
2250.481
2253.789
2257.039
2259.619
2262.978
2266.197
2269.161
2272.162
2275.079
2278.259
2281.269
2284.345
2287.848
2292.367
2296.918
2301.021
2306.555
2312.019
2320.267
2333.664
2547.791
2631.548
2752.823
2955.396
3132.133
3275.802
3410.006
3601.035
3898.556
4079.339
4181.349
4321.783
4646.720
4845.879
5192.579
5630.137
