57.693
156.891
226.770
309.525
348.430
369.558
410.610
430.107
438.400
442.634
444.927
447.330
449.283
450.690
452.544
454.070
455.118
456.595
457.818
458.973
459.714
460.434
461.373
462.073
463.024
463.690
464.312
464.855
465.403
465.975
466.533
467.197
467.644
468.112
468.527
468.994
469.580
470.086
470.294
470.586
470.777
471.129
471.532
471.805
472.146
472.371
472.598
472.867
473.142
473.412
473.846
474.201
474.648
474.926
475.253
475.760
475.997
476.327
476.572
476.908
477.180
477.351
477.608
477.923
478.271
478.712
479.035
479.502
479.869
480.313
480.901
481.363
481.716
482.323
482.911
483.565
484.301
485.028
485.593
486.299
486.951
488.013
489.127
489.940
490.775
492.015
493.243
495.185
496.346
498.309
499.924
501.746
504.798
506.982
511.611
526.334
555.507
628.604
818.407
886.220
