1766.611
2093.609
2110.941
2119.072
2125.632
2130.858
2135.825
2139.787
2143.704
2146.722
2150.282
2153.790
2157.529
2160.624
2164.367
2168.723
2172.841
2176.627
2180.838
2185.673
2190.213
2195.554
2201.744
2209.931
2221.910
2252.461
2470.336
2492.409
2508.875
2525.620
2542.620
2568.558
2812.931
2851.906
2882.398
2916.276
3113.126
3138.778
3157.805
3176.946
3193.292
3217.566
3257.869
3373.370
3441.964
3497.808
3554.016
3625.807
3786.757
3861.664
3899.782
3926.081
3959.517
3997.449
4091.516
4199.734
4285.400
4366.597
4463.798
4561.258
4620.950
4676.291
4751.180
4858.860
4935.943
5014.879
5091.425
5198.547
5278.484
5367.395
5452.444
5569.101
5667.480
5744.632
5836.435
5963.724
6076.341
6193.618
6315.737
6430.075
6546.714
6730.962
6902.349
7105.008
7317.713
7528.497
7675.712
7853.676
8094.135
8309.214
8601.315
8908.953
9253.395
9590.315
9991.631
10465.996
11076.760
11923.182
13025.104
15054.472
