622.414
1913.160
2109.996
2124.759
2133.040
2139.082
2143.644
2148.479
2153.409
2157.680
2161.254
2164.799
2168.495
2171.716
2175.351
2179.108
2182.775
2187.065
2191.509
2195.649
2199.572
2203.633
2207.829
2213.495
2219.436
2227.479
2251.324
2475.968
2504.946
2525.661
2541.803
2559.571
2586.227
2838.034
2874.733
2906.152
2945.464
3127.357
3153.582
3172.315
3187.656
3201.896
3218.860
3253.227
3316.126
3413.345
3469.488
3515.476
3564.651
3632.806
3764.391
3869.861
3913.558
3942.017
3977.360
4019.334
4111.643
4256.949
4346.893
4466.815
4586.014
4657.533
4716.824
4795.464
4909.063
4991.676
5071.195
5186.808
5272.733
5350.713
5432.844
5528.816
5623.660
5715.014
5819.606
5924.297
6051.089
6173.898
6301.706
6434.217
6582.132
6781.450
6975.699
7156.957
7389.777
7565.214
7730.334
7952.768
8183.089
8420.653
8646.687
8995.210
9334.555
9684.088
10077.320
10626.026
11278.925
11998.097
13010.918
15295.019
