311.986
689.758
800.876
887.009
1192.183
1780.156
1869.746
1904.893
1957.847
2000.313
2031.733
2047.243
2057.305
2064.661
2070.919
2075.978
2080.843
2085.286
2088.903
2093.046
2097.005
2101.161
2104.413
2107.554
2111.482
2114.921
2117.342
2120.157
2123.166
2125.862
2128.208
2130.737
2133.349
2135.326
2137.298
2139.292
2141.166
2142.896
2145.187
2147.651
2149.493
2151.457
2153.247
2154.896
2156.255
2157.703
2159.352
2160.953
2162.445
2164.137
2165.908
2167.639
2169.139
2171.055
2172.877
2174.757
2176.434
2178.247
2180.196
2182.080
2183.902
2185.600
2187.444
2189.492
2192.037
2194.227
2196.292
2199.193
2201.415
2203.855
2206.766
2209.744
2213.735
2218.019
2222.871
2229.405
2235.314
2241.772
2249.164
2258.167
2269.610
2282.762
2304.112
2444.351
2519.237
2582.480
2776.251
2934.087
3115.558
3178.229
3265.101
3519.534
3783.649
3911.141
3991.917
4099.613
4321.332
4554.109
4825.117
5260.618
