14.333
14.518
14.587
14.647
14.708
14.777
14.883
15.195
15.600
16.065
16.399
16.730
17.066
17.459
17.905
18.465
18.920
19.406
19.969
20.602
21.269
22.061
23.057
23.898
25.082
26.321
27.786
29.929
32.135
35.013
39.180
45.853
58.504
72.690
93.653
125.934
158.311
190.201
220.544
250.416
285.558
320.578
343.794
364.007
387.215
396.452
448.552
579.192
663.557
729.847
767.733
818.440
861.535
1011.431
1012.159
1013.019
1013.591
1014.175
1014.706
1015.317
1016.179
1017.110
1018.373
1020.013
1021.862
1025.465
1035.467
1073.590
1325.234
3015.559
3016.727
3017.665
3018.412
3019.193
3020.252
3021.787
3023.891
3027.221
3035.036
3069.658
3558.899
7023.281
7025.640
7028.193
7030.886
7035.443
7051.581
7154.318
7397.413
7722.940
15039.448
15044.753
15052.408
15091.681
15362.487
31069.408
31096.200
31449.282
63130.538
63219.264
