418.271
958.314
1100.532
1731.361
1854.370
1895.728
1918.171
1938.569
1953.154
1962.715
1973.403
1982.220
1992.596
2001.743
2010.889
2019.562
2028.722
2038.038
2049.472
2058.331
2065.498
2071.935
2078.059
2083.949
2089.244
2093.009
2097.965
2102.678
2107.824
2112.494
2116.790
2120.781
2124.552
2129.133
2132.848
2136.783
2140.585
2144.140
2147.460
2150.545
2154.368
2157.594
2160.908
2165.043
2168.531
2171.978
2174.936
2177.871
2180.857
2183.885
2186.516
2189.069
2191.927
2194.153
2196.179
2198.081
2199.921
2202.434
2204.434
2206.260
2208.560
2210.868
2213.450
2215.546
2217.722
2220.271
2222.326
2225.299
2227.492
2229.528
2231.974
2234.796
2237.435
2240.205
2243.257
2245.790
2249.371
2253.253
2257.665
2262.750
2267.706
2273.450
2281.769
2296.724
2409.461
2545.680
2625.840
2863.737
2966.003
3127.727
3211.237
3339.713
3538.529
3683.661
3842.237
3997.470
4232.281
4580.206
4816.558
5425.006
