309.276
486.168
553.531
593.001
661.560
992.950
1866.306
1911.162
1929.337
1940.699
1948.869
1958.032
1965.908
1974.013
1982.569
1990.517
1999.282
2008.875
2019.400
2027.314
2036.065
2044.201
2051.302
2056.783
2062.082
2066.665
2071.036
2074.612
2078.091
2081.433
2084.688
2088.220
2091.185
2094.897
2098.204
2101.683
2105.307
2108.778
2112.719
2116.204
2119.791
2123.018
2126.434
2129.933
2133.915
2137.812
2141.264
2145.235
2149.300
2153.883
2158.073
2161.774
2167.171
2171.451
2175.484
2179.968
2184.950
2189.196
2193.812
2198.719
2204.473
2209.726
2215.119
2220.551
2227.490
2234.393
2240.218
2246.174
2251.576
2256.075
2260.271
2264.633
2268.883
2272.150
2275.666
2280.193
2284.178
2288.616
2292.972
2297.860
2305.320
2314.280
2333.785
2443.428
2613.697
2711.152
2973.099
3062.059
3176.609
3314.167
3535.378
3663.109
3868.734
4116.884
4254.205
4395.831
4497.504
4735.857
5050.596
5415.776
