195.248
335.036
387.004
422.055
436.906
441.736
444.825
448.269
450.446
451.556
452.770
453.787
455.165
455.965
456.738
458.226
458.940
459.652
460.453
460.969
461.590
461.934
462.517
463.158
463.806
464.389
464.762
465.339
465.776
466.210
466.631
467.302
467.728
468.191
468.751
469.096
469.352
469.763
470.139
470.413
470.743
471.065
471.298
471.583
471.905
472.138
472.452
472.757
472.984
473.287
473.557
473.929
474.126
474.566
475.008
475.218
475.604
475.879
476.266
476.611
476.912
477.208
477.495
477.896
478.185
478.518
478.982
479.249
479.701
479.900
480.186
480.597
480.920
481.268
481.589
481.922
482.469
482.980
483.571
484.225
484.791
485.507
486.028
486.777
487.480
488.649
489.622
490.421
491.413
492.303
493.823
495.298
497.322
500.516
505.268
515.363
522.596
553.017
619.769
649.811
