458.866
705.427
788.920
854.734
944.632
1194.603
2034.780
2097.910
2110.308
2116.479
2121.417
2125.129
2128.511
2131.772
2134.498
2137.357
2140.037
2142.626
2145.038
2147.780
2150.011
2152.575
2155.603
2158.737
2162.173
2166.745
2172.231
2181.133
2409.753
2474.601
2487.977
2498.790
2510.863
2526.277
2751.501
2832.966
2853.698
2872.687
2959.812
3123.217
3138.484
3150.746
3164.343
3191.401
3221.435
3350.279
3417.133
3456.805
3505.697
3573.141
3732.096
3843.533
3893.203
3921.527
3949.454
4022.427
4190.524
4282.718
4388.021
4512.407
4601.443
4641.015
4701.131
4845.108
4942.024
5014.371
5099.271
5202.521
5285.920
5392.545
5533.468
5649.243
5744.073
5861.402
5980.806
6095.451
6231.716
6371.841
6506.875
6701.329
6923.905
7092.117
7298.735
7510.303
7682.795
7894.146
8135.230
8377.632
8583.764
8843.244
9162.123
9473.681
9808.923
10159.537
10490.949
10934.603
11487.443
12285.578
13328.614
15288.977
