14.308
14.543
14.610
14.685
14.760
14.910
15.327
15.713
16.188
16.547
16.975
17.462
18.115
18.723
19.253
19.963
20.745
21.658
22.515
23.580
24.757
26.543
28.720
31.930
35.957
42.964
55.459
80.838
101.438
126.804
149.271
180.059
229.489
315.213
404.293
476.609
551.321
601.988
649.166
720.430
815.207
954.117
1011.668
1012.441
1013.226
1013.887
1014.478
1015.055
1015.888
1016.808
1017.923
1019.633
1022.037
1026.100
1033.495
1056.276
1097.418
1145.465
1227.729
1450.149
1708.357
2103.249
3015.699
3016.836
3017.862
3018.658
3019.439
3020.556
3022.177
3024.482
3028.969
3049.801
3326.046
4926.547
7023.634
7025.706
7027.907
7030.301
7033.504
7039.880
7071.160
7231.094
7669.753
15036.752
15040.884
15045.332
15050.633
15098.655
15532.532
16057.764
31063.896
31077.688
31092.145
31479.781
63116.610
63147.874
63307.425
127212.166
127248.957
127280.656
