270.088
1467.105
2556.457
3254.922
3724.735
3814.292
3875.836
3904.758
3928.454
3952.999
3975.894
3994.603
4021.763
4041.820
4060.018
4079.310
4093.120
4109.869
4125.992
4141.605
4155.801
4171.942
4184.716
4197.912
4210.088
4224.470
4237.420
4248.820
4258.568
4268.389
4278.434
4291.843
4304.977
4316.332
4327.635
4339.037
4350.103
4360.129
4368.241
4376.085
4383.515
4391.633
4398.794
4406.649
4413.242
4419.952
4426.564
4433.892
4442.829
4451.209
4458.507
4465.858
4473.026
4481.704
4490.140
4498.867
4508.049
4519.280
4529.528
4539.632
4550.042
4560.811
4570.223
4579.674
4589.005
4598.678
4608.809
4619.576
4630.049
4642.103
4654.018
4667.926
4681.845
4695.300
4707.849
4720.367
4733.945
4751.915
4769.990
4787.660
4807.586
4827.827
4850.508
4881.904
4926.511
4980.223
5037.745
5110.766
5183.309
5257.255
5335.073
5404.088
5458.373
5539.015
5610.387
5694.159
5816.507
6109.813
6613.720
7234.925
