14.267
14.514
14.574
14.633
14.696
14.767
14.971
15.396
15.798
16.204
16.517
16.847
17.163
17.531
18.029
18.476
18.910
19.320
19.770
20.275
20.880
21.535
22.237
23.007
23.890
24.923
26.090
27.536
29.024
30.918
33.483
36.582
40.604
46.829
56.040
64.208
78.107
101.851
134.965
192.553
240.782
272.092
324.602
356.245
390.002
415.910
447.090
480.644
499.534
516.516
581.721
693.868
848.775
1010.945
1011.954
1012.517
1013.283
1013.980
1014.619
1015.248
1016.022
1017.053
1018.164
1019.744
1022.064
1025.507
1031.762
1051.410
1134.802
1295.336
1494.991
1679.910
1851.335
2078.140
3015.923
3017.077
3017.979
3018.931
3019.941
3021.824
3024.598
3030.201
3063.314
7022.007
7024.875
7027.135
7029.806
7033.201
7041.869
7177.886
15035.939
15043.328
15048.183
15061.718
15430.754
31069.179
31082.937
31116.306
63142.934
127188.772
