28.349
153.053
192.068
275.654
313.212
391.883
403.523
423.653
446.604
451.476
454.484
456.047
457.362
458.317
459.229
459.966
460.755
461.343
462.011
462.582
463.332
463.849
464.232
464.643
464.936
465.314
465.744
466.029
466.372
466.631
466.843
467.221
467.519
467.805
468.106
468.453
468.867
469.148
469.463
469.786
470.101
470.494
470.738
471.044
471.298
471.648
471.871
472.130
472.560
472.835
473.166
473.431
473.663
473.864
474.200
474.431
474.821
475.070
475.317
475.516
475.837
476.122
476.484
476.830
477.072
477.377
477.811
478.078
478.368
478.700
479.080
479.284
479.504
479.854
480.305
480.771
481.444
481.986
482.495
482.989
483.961
484.586
485.141
485.830
486.913
487.567
488.648
489.556
490.943
492.594
494.296
496.283
498.645
504.390
531.437
546.032
579.081
711.527
873.896
939.588
