80.335
248.984
383.246
406.339
417.283
422.865
429.303
433.974
436.692
441.493
444.812
446.559
448.090
449.505
450.854
452.114
453.019
453.659
454.408
455.142
455.542
455.883
456.388
457.046
457.523
458.210
458.725
459.014
459.499
459.890
460.228
460.652
460.946
461.258
461.542
461.979
462.278
462.571
462.977
463.152
463.408
463.612
463.854
464.173
464.612
464.890
465.231
465.439
465.851
466.159
466.617
466.870
467.256
467.604
467.892
468.239
468.589
468.932
469.341
469.675
469.964
470.284
470.484
471.005
471.240
471.593
472.051
472.663
473.112
473.584
474.158
474.553
475.152
475.634
476.266
477.121
477.697
478.448
478.865
479.404
480.105
480.956
481.665
482.451
483.347
484.204
485.780
486.505
487.872
489.475
490.290
491.429
494.339
496.229
500.096
507.273
516.106
529.343
552.718
648.284
