128.577
1446.323
1686.353
2079.434
2108.675
2117.269
2124.658
2130.637
2135.557
2139.953
2143.626
2147.456
2151.377
2154.970
2158.313
2161.650
2165.027
2168.253
2171.764
2175.030
2178.486
2182.359
2186.367
2191.026
2196.312
2203.611
2223.524
2464.968
2490.958
2508.477
2523.386
2538.203
2558.939
2639.319
2826.723
2856.702
2884.627
2928.922
3111.886
3143.375
3160.812
3178.651
3194.454
3231.028
3281.618
3385.144
3448.572
3505.394
3555.517
3650.440
3810.472
3880.959
3915.662
3948.667
3982.465
4062.612
4218.456
4309.744
4419.547
4527.526
4601.083
4658.420
4736.995
4868.178
4957.847
5053.440
5182.853
5261.635
5353.587
5431.229
5537.815
5637.221
5727.844
5839.097
5970.980
6086.712
6210.598
6345.457
6469.941
6623.582
6784.852
6976.362
7135.069
7295.870
7512.781
7684.789
7898.243
8120.845
8364.508
8594.554
8838.642
9097.604
9432.629
9849.380
10272.727
10763.772
11416.296
12168.629
13121.679
14935.699
