131.580
1023.085
1722.885
2094.420
2115.740
2126.750
2134.665
2141.574
2146.983
2151.856
2156.303
2160.738
2164.866
2169.166
2173.452
2177.850
2182.440
2186.477
2190.785
2195.331
2200.677
2205.383
2210.165
2215.002
2219.749
2225.576
2234.791
2281.880
2484.516
2509.252
2529.746
2553.597
2580.702
2669.403
2846.947
2887.828
2927.882
3010.090
3134.775
3158.171
3176.732
3193.232
3210.821
3233.304
3287.340
3397.085
3444.921
3496.222
3547.138
3618.976
3786.308
3869.164
3914.424
3950.036
3981.560
4024.923
4136.502
4274.682
4365.071
4478.838
4576.231
4643.754
4711.232
4799.065
4922.214
5009.961
5124.531
5234.325
5310.171
5400.279
5489.521
5598.949
5698.737
5803.071
5911.139
6039.460
6153.316
6282.233
6408.091
6538.729
6682.004
6872.543
7072.525
7260.045
7476.583
7645.528
7834.496
8069.405
8301.426
8560.854
8774.822
9050.556
9370.812
9714.916
10104.089
10579.463
11234.270
12017.621
13066.479
14954.650
