69.342
284.760
356.248
381.435
390.806
405.140
411.622
418.018
423.038
429.784
434.218
436.605
439.813
441.406
443.027
444.746
446.420
448.076
449.304
450.359
451.457
452.393
453.293
453.794
454.755
455.391
456.049
456.856
457.382
457.949
458.433
458.979
459.482
459.886
460.340
460.682
461.065
461.480
461.978
462.427
462.884
463.615
464.092
464.354
464.970
465.220
465.640
466.070
466.596
467.133
467.481
468.108
468.568
469.363
469.780
470.331
470.707
471.214
471.658
472.367
472.928
473.652
474.140
474.638
475.003
475.578
476.209
476.786
477.143
477.853
478.587
479.262
479.851
480.734
481.448
482.169
482.669
483.227
483.717
484.478
485.061
485.524
486.244
486.958
488.121
490.118
491.185
492.867
495.076
497.097
498.898
501.683
508.016
514.012
520.735
529.636
543.879
577.272
605.913
656.732
