14.232
14.550
14.627
14.702
14.819
15.203
15.815
16.329
16.870
17.378
18.088
18.889
19.522
20.265
21.224
22.282
23.317
24.369
25.651
27.082
28.804
30.882
33.072
36.089
38.698
42.726
47.416
52.748
59.928
68.600
80.609
100.925
134.975
176.986
196.750
214.329
228.910
249.751
302.426
364.423
432.670
502.216
568.047
701.093
808.743
942.232
1011.957
1012.945
1013.888
1014.691
1015.462
1016.509
1017.830
1020.184
1023.068
1026.929
1032.779
1042.759
1066.842
1156.998
1245.953
1484.819
1757.915
2160.873
2569.145
3015.921
3017.335
3018.429
3019.346
3020.704
3023.254
3027.749
3037.908
3072.680
3331.561
3792.143
4864.364
7023.725
7025.966
7028.502
7031.630
7040.427
7069.511
7225.700
7793.079
15038.429
15042.850
15047.343
15057.628
15308.088
31059.358
31072.574
31086.433
31150.892
63118.700
63148.430
63213.452
127213.273
127245.227
127278.452
