15.530
79.913
177.574
255.818
306.003
349.515
409.008
427.728
440.208
447.308
448.953
450.949
452.647
454.553
455.473
456.536
457.410
458.071
458.701
459.256
460.011
460.546
461.349
461.975
462.641
463.248
463.742
464.220
464.865
465.422
465.989
466.491
466.860
467.320
467.687
468.117
468.375
468.758
469.156
469.690
470.128
470.610
470.838
471.103
471.364
471.580
472.069
472.426
472.648
472.980
473.362
473.699
474.005
474.288
474.671
474.941
475.196
475.578
476.137
476.414
476.761
477.189
477.608
477.899
478.230
478.639
479.197
479.479
479.812
480.210
480.671
481.001
481.379
481.966
482.546
483.207
483.849
484.429
485.211
485.915
486.406
486.885
487.528
488.595
489.458
490.614
491.456
492.572
493.929
495.531
497.415
500.865
504.253
512.411
522.833
550.274
586.192
768.410
883.681
910.420
