276.164
448.935
622.719
766.092
998.887
1607.611
1633.261
1659.788
1692.390
1708.689
1720.893
1736.051
1750.766
1764.158
1777.027
1789.026
1797.075
1806.173
1817.888
1827.113
1839.898
1852.217
1865.317
1883.731
1897.330
1905.860
1913.639
1923.143
1934.337
1946.636
1958.335
1971.536
1982.123
1991.833
2002.751
2012.536
2022.501
2031.587
2040.128
2048.915
2057.110
2065.219
2074.248
2084.047
2092.880
2102.572
2112.926
2122.425
2134.297
2147.487
2162.462
2174.154
2184.340
2192.852
2198.878
2204.916
2210.512
2214.692
2219.238
2224.198
2228.624
2233.324
2238.395
2243.471
2248.791
2253.867
2259.938
2265.716
2270.973
2276.974
2282.628
2287.571
2291.663
2295.587
2300.304
2304.928
2310.616
2316.677
2324.643
2335.634
2440.602
2607.589
2682.771
2773.473
2919.959
3035.693
3158.233
3284.326
3409.113
3610.416
3796.902
3975.888
4071.947
4165.073
4255.997
4546.157
4805.660
4920.177
5137.157
5588.273
