215.638
512.643
580.698
638.387
719.907
1039.300
1758.406
1808.049
1825.151
1837.817
1848.699
1860.722
1871.648
1880.956
1889.798
1897.657
1907.189
1918.274
1931.635
1944.866
1955.087
1967.556
1975.925
1982.226
1987.891
1996.721
2005.519
2012.259
2019.829
2025.969
2031.396
2038.449
2046.061
2054.861
2062.723
2074.011
2083.125
2092.369
2100.758
2109.345
2117.618
2124.415
2130.515
2136.250
2142.175
2147.495
2151.549
2155.834
2159.317
2164.642
2168.545
2173.817
2178.335
2181.987
2185.992
2190.484
2194.826
2199.304
2202.880
2207.244
2210.597
2213.351
2216.544
2219.323
2222.689
2226.204
2229.555
2233.566
2238.219
2242.008
2245.935
2250.755
2256.286
2261.886
2267.107
2271.951
2276.046
2282.113
2286.345
2291.028
2298.758
2307.889
2323.037
2542.683
2615.461
2733.659
2937.839
3087.394
3226.166
3351.764
3592.293
3857.794
4052.371
4250.288
4384.953
4517.640
4692.669
4925.429
5219.538
5638.439
