65.529
131.367
148.630
172.428
283.160
346.464
414.828
433.413
438.294
441.431
443.730
445.295
447.436
448.485
449.592
450.495
452.112
453.227
454.443
455.598
456.944
457.568
458.217
459.218
460.237
461.223
462.058
462.629
463.290
463.877
464.798
465.459
465.986
466.437
466.850
467.236
467.728
468.191
468.902
469.235
469.674
470.277
470.572
470.916
471.359
471.758
472.164
472.673
473.017
473.611
473.936
474.301
474.747
475.167
475.529
475.781
476.150
476.611
477.071
477.499
477.762
478.206
478.510
479.000
479.374
479.705
480.046
480.448
480.870
481.376
481.805
482.262
482.840
483.118
483.899
484.696
485.169
485.793
486.325
487.101
487.753
488.180
488.827
490.078
491.197
492.049
493.100
494.340
495.383
496.518
498.614
501.579
504.457
509.045
511.881
516.998
551.425
736.116
845.967
879.094
