980.547
1673.780
1789.331
1859.236
1902.286
1931.568
1956.078
1972.559
1985.601
1995.727
2004.125
2009.591
2015.964
2022.477
2028.615
2035.753
2042.753
2048.107
2052.877
2057.631
2062.384
2066.950
2071.991
2076.330
2079.955
2083.567
2087.656
2091.387
2095.764
2098.827
2102.377
2106.231
2109.768
2113.237
2116.359
2119.980
2123.244
2126.778
2130.158
2134.014
2137.304
2141.064
2144.964
2148.617
2152.870
2157.948
2161.603
2165.808
2169.288
2173.252
2176.916
2181.362
2185.855
2189.854
2193.954
2198.536
2202.829
2206.747
2210.878
2214.720
2218.807
2222.506
2226.837
2230.612
2235.061
2238.665
2242.413
2246.149
2250.513
2254.425
2257.716
2261.688
2265.279
2269.304
2273.348
2276.601
2280.644
2284.963
2290.116
2295.637
2302.092
2311.223
2346.518
2493.857
2589.407
2666.294
2792.741
2871.216
2956.529
3044.582
3122.387
3208.588
3352.168
3573.126
3798.052
4011.797
4156.872
4441.797
4703.081
5272.834
