1197.900
2073.644
2101.258
2116.982
2128.083
2136.325
2141.808
2146.294
2150.320
2154.018
2158.253
2161.463
2164.327
2167.068
2170.242
2173.277
2176.257
2179.273
2182.637
2185.846
2189.501
2193.616
2197.602
2203.953
2212.960
2241.584
2473.196
2505.412
2524.745
2538.265
2554.349
2590.188
2813.639
2855.036
2884.645
2904.973
2938.532
3117.753
3150.747
3166.214
3180.823
3197.219
3223.156
3270.043
3380.523
3446.665
3490.549
3538.471
3606.723
3752.688
3856.435
3901.285
3938.648
3972.533
4011.916
4125.156
4249.804
4341.355
4439.675
4541.080
4626.796
4682.427
4734.846
4848.613
4939.408
5025.582
5127.181
5237.909
5295.753
5393.154
5487.826
5595.101
5679.372
5765.673
5855.280
5973.386
6082.553
6199.160
6324.991
6443.365
6574.404
6762.431
6946.117
7143.303
7372.257
7553.206
7698.440
7899.180
8149.417
8389.879
8661.830
8921.461
9254.230
9594.739
9968.156
10452.406
11005.461
11806.402
12841.676
14761.452
