57.763
94.655
109.513
122.264
153.169
219.164
310.102
348.679
426.050
435.030
438.554
441.116
442.713
445.147
447.162
448.537
449.854
450.571
452.145
453.262
453.963
454.789
455.999
456.982
457.756
458.547
459.531
460.090
460.948
461.596
462.226
462.872
463.469
464.221
464.804
465.380
466.090
466.692
467.279
467.972
468.520
468.928
469.515
469.951
470.424
470.936
471.381
472.107
472.587
472.927
473.442
473.902
474.356
475.093
475.545
476.077
476.580
476.855
477.295
477.879
478.147
478.598
479.065
479.490
479.991
480.683
481.012
481.611
482.221
483.147
483.619
484.074
484.712
485.228
485.747
486.475
486.970
487.471
488.470
489.325
490.057
491.063
492.031
492.747
493.584
495.016
496.541
497.592
499.510
501.608
503.994
506.392
511.865
515.429
535.915
556.802
597.129
880.442
1003.232
1051.868
