25.574
48.511
330.296
369.735
397.998
418.325
430.684
435.547
440.081
442.190
443.818
445.215
446.174
447.742
449.151
449.947
451.015
452.017
453.522
454.497
455.496
456.295
457.276
458.243
459.080
460.065
461.302
462.497
463.195
463.781
464.550
465.181
465.869
466.523
467.469
468.122
468.816
469.436
470.062
470.508
470.972
471.366
471.871
472.236
472.736
473.331
473.813
474.234
474.599
475.000
475.473
475.873
476.247
476.731
477.277
477.719
478.239
478.718
479.204
479.561
479.967
480.356
480.970
481.669
482.185
482.696
483.215
483.586
483.908
484.216
484.697
485.269
485.859
486.299
486.629
487.209
487.761
488.605
489.396
490.159
491.617
492.497
493.626
494.969
495.881
497.515
499.535
502.219
504.325
508.601
512.938
522.440
530.726
542.252
562.465
591.830
633.650
699.986
738.501
758.136
