14.249
14.557
14.632
14.717
14.850
15.277
15.820
16.314
16.848
17.311
17.962
18.561
19.067
19.770
20.608
21.596
22.757
24.080
25.514
27.215
29.182
31.351
33.856
36.706
40.441
45.041
51.304
63.297
85.836
110.483
141.110
179.819
228.742
274.518
324.914
387.240
474.478
535.958
592.860
744.119
891.511
1011.688
1012.482
1013.450
1014.195
1014.974
1015.919
1016.990
1018.467
1020.262
1022.583
1025.760
1030.876
1039.135
1053.914
1103.279
1190.478
1292.240
1409.812
1544.487
1782.908
2059.984
2698.609
3016.096
3017.273
3018.195
3019.205
3020.523
3022.663
3026.185
3032.460
3043.736
3135.813
3602.243
4147.902
7022.502
7024.618
7026.994
7029.367
7033.247
7040.231
7054.509
7133.012
7453.092
15031.724
15039.602
15043.772
15048.435
15059.942
15331.512
16549.110
31069.782
31080.120
31100.456
32112.897
63137.968
63187.688
127211.163
127243.719
127277.089
