171.784
285.138
374.600
401.081
420.504
431.791
437.865
440.908
443.463
445.777
447.605
449.077
450.068
451.602
452.860
454.173
455.106
455.977
456.792
457.822
458.770
459.591
460.626
461.178
461.910
462.532
463.149
464.175
464.828
465.427
465.939
466.475
467.135
467.506
467.908
468.356
468.705
469.154
469.726
470.174
470.580
470.941
471.318
471.628
471.970
472.266
472.602
472.825
473.187
473.444
473.867
474.067
474.322
474.670
474.955
475.241
475.558
475.934
476.289
476.798
477.198
477.477
478.086
478.768
479.220
479.726
480.145
480.653
481.041
481.673
482.099
482.856
483.327
483.735
484.279
484.855
485.207
485.740
486.284
486.936
487.636
488.477
489.307
490.241
490.948
491.866
492.781
494.055
495.322
496.933
498.168
500.220
501.934
505.385
508.730
515.187
523.891
542.632
620.397
676.090
