1195.371
2081.554
2113.292
2125.899
2134.801
2140.794
2145.335
2149.210
2152.529
2155.334
2157.888
2160.592
2163.245
2165.903
2168.225
2170.890
2173.763
2176.472
2179.996
2182.899
2186.759
2190.954
2196.400
2203.517
2216.317
2428.972
2497.842
2515.999
2529.415
2543.645
2565.829
2817.486
2866.826
2889.510
2925.284
3041.503
3129.124
3149.969
3163.423
3175.316
3190.430
3226.148
3274.446
3381.000
3437.553
3486.867
3535.790
3605.881
3768.260
3852.165
3886.264
3926.580
3956.559
3986.458
4073.626
4209.400
4312.907
4414.463
4502.866
4607.143
4656.766
4694.907
4787.145
4904.633
4991.391
5081.143
5174.065
5253.626
5330.097
5423.592
5503.452
5600.746
5688.459
5774.659
5888.985
5995.789
6123.518
6232.456
6373.855
6488.902
6641.357
6840.911
7019.977
7188.637
7398.227
7570.341
7701.098
7884.905
8096.216
8323.554
8576.122
8830.990
9157.385
9578.023
9901.516
10307.234
10937.554
11650.618
12587.980
14462.286
