268.264
1495.497
2561.171
3234.806
3595.224
3771.956
3809.904
3838.073
3862.964
3885.023
3910.876
3935.188
3961.999
3984.736
4008.797
4026.727
4044.273
4059.170
4075.293
4091.130
4107.646
4123.563
4135.970
4146.503
4158.295
4168.518
4180.141
4190.393
4200.862
4213.152
4223.128
4236.567
4251.661
4264.631
4279.741
4293.347
4308.788
4323.884
4335.273
4350.746
4366.060
4378.886
4395.051
4411.021
4426.746
4441.958
4455.005
4467.886
4481.080
4493.459
4505.693
4516.859
4528.208
4538.933
4550.650
4563.503
4574.725
4584.902
4594.579
4604.319
4613.806
4623.824
4634.974
4647.392
4659.560
4672.328
4687.578
4704.381
4719.481
4737.052
4751.489
4770.736
4788.388
4801.663
4813.569
4828.322
4844.494
4865.489
4887.794
4907.941
4933.682
4957.306
4984.990
5026.212
5093.863
5155.036
5216.048
5268.346
5330.751
5405.681
5482.804
5549.195
5628.505
5692.870
5763.971
5885.851
6163.921
6448.687
6806.728
7417.300
