14.187
14.497
14.565
14.622
14.713
14.878
15.277
15.740
16.211
16.570
16.954
17.333
17.893
18.410
18.982
19.476
20.036
20.817
21.696
22.448
23.536
24.541
25.864
27.366
29.216
31.609
34.387
37.961
43.624
50.382
58.510
73.944
114.998
159.152
215.134
271.093
328.946
362.146
437.983
534.617
775.351
905.129
1011.077
1012.129
1013.097
1013.828
1014.465
1015.094
1015.994
1016.933
1018.108
1019.804
1021.894
1024.663
1030.000
1041.562
1068.942
1281.144
1484.613
1811.550
2062.553
2334.407
2880.820
3016.126
3017.266
3018.201
3019.009
3020.135
3021.692
3024.050
3028.550
3041.036
3186.186
3680.446
5187.662
7023.208
7025.007
7027.334
7029.444
7032.221
7036.945
7047.681
7075.178
7789.295
15038.443
15041.557
15046.369
15051.790
15107.864
15603.954
31060.894
31073.106
31085.939
31114.509
63127.670
63158.310
115426.979
127225.896
127261.199
127289.073
