14.287
14.587
14.677
14.779
15.016
15.593
16.214
16.709
17.307
18.099
18.867
19.525
20.542
21.564
22.775
24.215
25.812
27.917
30.448
33.623
37.381
42.935
49.294
57.008
64.744
74.192
83.848
97.717
115.068
132.187
153.635
179.211
222.598
255.502
281.040
341.194
392.637
450.677
508.333
722.078
887.918
1011.723
1012.961
1013.991
1014.816
1015.772
1017.292
1019.269
1022.639
1028.443
1040.046
1061.696
1096.732
1151.128
1220.251
1280.631
1369.470
1492.561
1596.976
1716.134
1830.603
1891.011
1980.353
2199.694
2442.701
2827.325
3016.307
3017.792
3018.874
3020.226
3022.658
3027.176
3039.729
3088.753
3183.033
3338.086
3838.015
4550.820
6488.756
7024.097
7027.272
7031.207
7040.483
7070.780
7188.799
7938.498
12511.603
15039.824
15044.565
15051.411
15378.626
31059.190
31072.784
31088.667
31335.407
63130.644
63173.250
127207.622
127244.595
127278.179
