150.351
227.964
325.451
376.265
405.624
427.344
434.953
442.173
445.721
448.032
450.398
453.010
455.114
456.229
457.423
458.696
459.898
460.847
461.470
462.225
463.100
463.852
464.248
464.643
465.615
466.113
466.401
466.829
467.355
467.633
467.934
468.169
468.512
468.787
469.081
469.415
469.647
469.940
470.203
470.349
470.649
471.006
471.326
471.647
471.905
472.095
472.354
472.617
472.942
473.147
473.410
473.624
473.875
474.101
474.324
474.476
474.718
475.007
475.419
475.767
476.091
476.384
476.581
476.903
477.175
477.473
477.761
478.217
478.541
478.877
479.242
479.580
479.995
480.467
480.992
481.397
481.801
482.307
482.679
483.357
483.782
484.364
484.831
485.303
486.043
486.827
487.419
488.285
489.502
490.508
491.191
492.235
494.103
496.152
499.322
503.618
510.716
537.304
629.974
723.303
