720.006
1273.392
1707.692
1830.329
1931.907
1984.552
2028.006
2048.800
2062.385
2071.451
2079.790
2086.269
2092.214
2096.848
2102.243
2107.114
2111.916
2116.161
2120.782
2125.992
2131.263
2135.610
2139.551
2143.717
2146.954
2150.683
2153.372
2155.952
2158.744
2161.747
2164.069
2166.099
2168.295
2170.591
2172.799
2175.256
2177.449
2179.258
2181.146
2183.270
2185.031
2187.370
2189.114
2191.227
2193.689
2195.871
2198.212
2201.098
2203.499
2206.000
2208.893
2211.754
2214.489
2217.001
2219.393
2221.878
2224.751
2227.117
2229.741
2232.081
2234.611
2237.221
2239.381
2241.442
2243.507
2245.969
2247.919
2250.032
2252.009
2253.851
2256.478
2258.818
2261.156
2263.805
2266.507
2269.077
2271.690
2275.084
2278.216
2281.557
2286.154
2291.171
2296.643
2304.135
2312.429
2327.024
2440.492
2554.196
2631.570
2855.627
3031.449
3166.926
3259.108
3351.171
3476.712
3770.704
4037.059
4270.563
4664.916
5164.285
