14.259
14.518
14.584
14.639
14.721
14.858
15.231
15.622
16.175
16.622
17.053
17.516
18.123
18.875
19.325
20.007
20.819
21.783
22.854
24.124
25.556
27.520
30.275
34.677
39.731
48.355
59.588
71.388
89.962
106.830
133.931
167.727
189.487
219.785
257.428
285.394
305.399
332.826
359.950
379.015
397.832
414.400
427.991
437.280
455.187
493.339
573.565
622.591
708.329
741.654
767.788
826.534
913.935
1011.525
1012.212
1013.192
1014.042
1014.708
1015.599
1016.962
1018.759
1021.576
1026.133
1042.598
1114.721
1199.531
1309.062
1423.045
1559.072
1730.233
1864.972
2160.512
2333.980
2446.280
2602.675
3015.177
3016.588
3017.793
3018.804
3020.227
3022.723
3027.117
3067.632
3340.512
3673.098
7023.826
7026.489
7029.777
7034.414
7050.739
7115.638
7281.229
15032.044
15041.431
15047.798
15060.681
31055.026
31079.479
31375.966
63141.694
