134.307
205.635
247.666
329.941
354.878
382.449
414.635
445.578
450.765
453.007
455.423
456.486
457.699
458.523
459.106
460.309
461.271
461.887
462.280
462.904
463.510
464.012
464.629
465.075
465.586
465.978
466.447
466.859
467.266
467.664
467.945
468.204
468.551
468.790
469.122
469.417
469.664
469.972
470.337
470.570
470.747
470.910
471.167
471.407
471.629
471.893
472.128
472.334
472.741
472.917
473.156
473.493
473.765
474.008
474.325
474.648
474.972
475.159
475.382
475.703
475.953
476.235
476.486
476.685
476.949
477.240
477.570
478.000
478.351
478.793
479.112
479.377
479.793
480.290
480.676
481.259
481.738
482.266
482.647
483.180
483.678
484.016
484.503
485.167
485.702
486.565
487.416
488.438
489.994
490.910
492.066
493.530
495.604
498.434
502.652
509.070
521.269
552.392
679.833
786.030
