620.123
1601.174
1756.722
1808.309
1852.944
1880.492
1911.443
1933.122
1949.332
1961.241
1970.472
1978.729
1984.621
1990.796
1995.587
1999.536
2004.798
2009.819
2015.290
2020.876
2026.221
2032.631
2038.859
2044.261
2049.099
2053.840
2058.940
2063.954
2068.652
2073.080
2077.349
2081.113
2085.979
2090.391
2094.783
2099.099
2104.450
2108.949
2114.155
2119.388
2124.601
2130.607
2135.976
2141.430
2146.526
2151.557
2156.312
2160.595
2164.376
2168.291
2171.279
2174.845
2178.191
2181.370
2184.660
2188.158
2191.265
2193.647
2196.692
2199.348
2201.980
2204.248
2206.843
2209.329
2212.395
2215.168
2218.224
2221.088
2224.509
2228.640
2232.528
2236.634
2242.187
2247.259
2251.961
2257.715
2263.570
2269.739
2278.763
2289.977
2302.423
2324.349
2376.053
2511.820
2590.399
2683.188
2875.346
2997.224
3072.804
3192.509
3259.938
3415.794
3561.781
3682.166
3817.048
4007.647
4237.593
4525.937
4735.914
5326.092
