85.424
152.388
198.377
292.734
308.382
393.013
428.692
443.740
449.572
452.139
453.381
454.452
455.907
457.003
458.053
458.898
459.533
460.224
460.996
461.685
462.461
463.044
463.515
463.944
464.393
464.740
465.218
465.714
466.230
466.611
466.921
467.206
467.503
467.823
468.311
468.598
468.838
469.190
469.462
469.846
470.249
470.546
470.841
471.207
471.541
471.714
471.983
472.202
472.549
472.861
473.229
473.578
473.844
474.095
474.436
474.762
475.266
475.662
475.966
476.430
476.829
477.319
477.704
478.246
478.576
478.967
479.550
479.940
480.376
480.715
481.201
481.489
481.983
482.352
482.784
483.202
483.818
484.450
484.977
485.517
486.143
486.662
487.209
487.754
488.388
489.214
489.985
491.166
492.572
493.349
495.088
496.290
499.238
502.404
508.652
526.516
568.259
713.584
834.901
867.564
