793.501
1396.007
1868.474
2093.567
2120.187
2131.839
2138.463
2144.415
2149.383
2153.746
2157.839
2161.483
2164.948
2168.159
2171.537
2174.530
2177.449
2180.228
2183.054
2185.931
2189.448
2192.618
2196.911
2202.164
2208.736
2219.505
2241.826
2430.212
2502.962
2524.598
2539.591
2556.166
2597.961
2850.725
2887.494
2922.557
2984.077
3131.202
3155.206
3171.377
3186.751
3207.083
3247.493
3319.610
3408.085
3458.430
3508.511
3562.301
3657.951
3822.903
3893.477
3927.128
3956.197
3987.347
4032.273
4163.347
4269.311
4358.317
4465.664
4566.917
4638.143
4696.020
4770.589
4884.370
4982.552
5063.859
5164.876
5248.987
5323.401
5420.800
5493.790
5595.870
5714.705
5814.092
5926.311
6056.941
6171.221
6273.312
6387.100
6509.200
6666.003
6847.345
7044.823
7212.114
7406.670
7606.223
7763.829
7964.047
8169.118
8393.885
8638.008
8914.915
9237.937
9605.103
10005.158
10506.396
11035.573
11757.409
12702.841
14678.582
