52.748
89.666
116.017
137.352
173.268
317.957
380.684
427.314
434.927
438.907
441.993
444.217
445.820
448.203
449.201
450.574
452.160
453.266
454.146
455.536
456.442
457.210
458.327
458.976
459.720
460.574
461.369
462.104
462.924
463.633
464.161
464.676
465.358
466.256
466.650
467.132
467.846
468.215
468.875
469.282
469.881
470.268
470.728
471.235
471.615
471.836
472.365
472.807
473.192
473.655
473.866
474.356
474.734
475.205
475.637
476.032
476.414
476.923
477.413
477.786
478.363
478.781
479.227
479.719
480.115
480.714
481.117
481.672
482.193
482.557
483.190
483.740
484.134
484.829
485.519
486.087
486.655
487.485
488.464
489.363
490.378
490.910
491.843
492.896
493.917
494.857
495.922
497.178
498.385
499.991
502.156
504.168
506.973
511.107
518.879
537.876
585.155
809.268
903.539
924.315
