588.873
915.906
1241.713
1531.219
2085.850
2105.633
2115.775
2122.217
2127.322
2131.425
2135.218
2138.487
2141.596
2144.663
2147.360
2150.409
2152.985
2155.740
2158.352
2161.091
2163.906
2167.130
2170.828
2175.256
2180.129
2187.348
2203.828
2430.189
2478.589
2494.296
2506.080
2518.347
2533.934
2613.297
2837.416
2862.805
2883.410
2952.693
3125.530
3142.502
3157.611
3174.334
3210.766
3251.508
3365.014
3430.959
3485.540
3536.305
3608.164
3774.082
3856.824
3899.667
3925.884
3951.080
3995.291
4152.069
4250.050
4348.298
4461.082
4562.285
4626.703
4669.245
4758.550
4883.611
4962.034
5049.368
5168.457
5244.487
5340.221
5412.511
5503.666
5613.882
5712.633
5822.314
5941.600
6078.715
6197.842
6338.503
6451.563
6610.801
6785.165
6957.490
7131.532
7313.491
7519.756
7694.477
7918.275
8160.874
8390.073
8636.073
8895.333
9157.646
9469.230
9796.058
10249.568
10743.941
11267.846
11954.336
12923.494
14469.677
