871.096
1283.651
1618.610
2074.897
2118.121
2131.530
2139.377
2145.133
2150.105
2154.599
2159.044
2162.956
2166.433
2170.409
2173.820
2177.550
2181.229
2185.265
2189.970
2194.281
2198.309
2203.263
2208.266
2212.873
2218.050
2224.052
2231.799
2245.713
2367.488
2496.667
2519.635
2539.311
2561.715
2590.709
2773.631
2866.015
2897.502
2931.531
3097.150
3150.089
3169.009
3186.174
3205.088
3222.513
3255.090
3328.896
3420.282
3479.498
3544.351
3614.395
3764.316
3877.908
3925.268
3959.443
3997.791
4056.781
4200.829
4312.023
4398.761
4499.079
4611.114
4680.649
4746.769
4842.585
4961.695
5041.962
5138.928
5246.402
5314.831
5401.164
5494.197
5591.403
5688.560
5789.889
5910.684
6037.054
6155.683
6259.077
6392.663
6516.488
6681.984
6872.867
7064.673
7272.237
7470.226
7660.602
7800.776
7989.502
8188.642
8440.514
8668.277
8943.472
9259.046
9615.695
10035.638
10516.893
11126.089
11889.857
12855.412
14665.019
