796.874
1504.679
1784.544
1852.182
1897.973
1915.324
1926.661
1939.130
1948.253
1957.663
1967.668
1976.966
1985.301
1993.137
1999.283
2005.928
2012.562
2018.243
2024.071
2029.815
2034.597
2039.343
2045.173
2049.938
2054.909
2061.781
2069.032
2077.042
2086.331
2097.736
2107.533
2115.914
2121.686
2128.400
2133.910
2139.074
2144.249
2147.970
2152.371
2156.278
2159.796
2162.654
2165.828
2169.619
2173.476
2177.096
2180.480
2183.947
2187.617
2190.638
2193.952
2197.135
2200.192
2203.397
2206.279
2208.596
2212.178
2215.012
2217.328
2219.495
2222.100
2224.159
2226.371
2228.352
2230.860
2233.002
2235.303
2237.599
2240.014
2242.571
2244.933
2247.892
2250.848
2253.756
2256.811
2260.083
2263.229
2267.663
2272.252
2276.742
2281.807
2286.551
2293.516
2307.580
2405.127
2585.391
2667.229
2815.110
2904.880
2986.735
3101.928
3242.026
3437.879
3630.794
3836.491
4058.200
4202.398
4623.913
4842.552
5319.774
