288.312
760.462
928.040
1041.997
1367.862
2077.415
2118.510
2133.424
2142.225
2147.161
2151.431
2155.426
2158.708
2161.277
2164.487
2167.248
2170.212
2173.105
2176.099
2178.893
2181.648
2184.037
2186.975
2189.691
2192.978
2196.548
2200.996
2207.137
2217.980
2458.593
2511.809
2525.479
2537.602
2551.515
2572.194
2853.788
2883.213
2903.546
2953.106
3142.127
3160.551
3173.896
3186.623
3207.049
3246.524
3319.136
3432.029
3482.027
3535.474
3613.815
3768.718
3873.489
3915.236
3954.332
3983.317
4017.886
4158.719
4267.059
4360.587
4486.044
4600.850
4662.437
4709.692
4795.825
4918.111
5000.084
5092.359
5222.862
5285.189
5402.944
5490.506
5614.221
5705.314
5794.698
5925.530
6071.171
6205.974
6361.447
6483.798
6607.077
6827.737
7024.582
7206.889
7408.894
7573.940
7734.755
7935.674
8161.830
8406.420
8656.964
8918.611
9184.849
9501.972
9853.967
10230.430
10769.961
11366.591
12142.009
13183.029
15238.849
