14.306
14.556
14.635
14.728
14.855
15.314
15.986
16.473
16.938
17.439
18.059
18.659
19.105
19.557
20.226
20.688
21.341
21.973
22.753
23.389
24.055
24.711
25.606
26.505
27.708
28.695
30.056
31.223
32.779
34.687
36.821
39.048
42.449
45.341
49.025
53.342
62.626
84.466
116.667
164.934
198.727
241.186
281.401
305.020
334.383
351.708
408.836
470.811
551.149
582.306
600.602
634.470
659.995
675.340
700.919
730.660
782.322
949.850
1011.708
1013.266
1014.164
1015.097
1016.123
1017.643
1019.226
1021.243
1024.111
1027.442
1034.299
1043.198
1063.580
1163.191
1270.420
1400.428
1509.025
1631.442
1767.319
2101.955
2842.155
3017.171
3018.733
3020.515
3023.299
3027.916
3034.522
3052.566
3528.457
7023.613
7026.463
7030.618
7038.834
7214.189
15039.117
15045.331
15067.903
31060.555
31083.037
31394.388
63148.409
127192.601
