14.324
14.560
14.629
14.705
14.805
15.038
15.475
16.005
16.444
16.873
17.248
17.816
18.302
18.867
19.343
20.051
20.820
21.583
22.571
23.477
24.454
25.353
26.711
28.149
29.796
31.805
34.065
36.946
40.381
44.818
51.647
63.042
80.490
109.471
158.996
217.953
289.007
340.969
418.361
518.926
598.931
680.052
882.489
1011.086
1012.078
1013.030
1013.700
1014.346
1014.942
1015.744
1016.649
1017.749
1019.133
1021.307
1024.159
1028.493
1035.594
1051.222
1110.423
1245.425
1547.925
2118.031
3016.090
3017.224
3018.109
3018.821
3019.718
3021.065
3023.007
3025.875
3031.922
3053.328
3651.826
7022.401
7024.791
7027.251
7029.785
7032.992
7038.052
7048.689
7079.785
7242.936
15032.845
15039.839
15045.093
15050.326
15063.616
15662.566
16496.128
31058.234
31073.444
31085.475
31103.393
33347.331
63136.280
63167.059
127184.926
127228.577
127259.959
127281.981
