883.443
1488.093
1784.917
1834.522
1872.519
1902.385
1924.166
1937.810
1948.214
1957.451
1966.580
1975.484
1983.612
1991.346
1999.805
2007.023
2016.662
2024.564
2032.994
2040.389
2046.575
2053.201
2058.642
2064.322
2068.854
2074.076
2078.587
2083.747
2088.025
2092.883
2096.968
2101.468
2105.598
2109.948
2114.992
2119.123
2123.725
2126.543
2129.895
2133.201
2136.872
2140.222
2143.793
2146.704
2149.334
2152.308
2155.541
2158.236
2161.783
2164.872
2168.200
2170.873
2174.134
2177.199
2180.075
2183.324
2186.116
2189.110
2191.764
2194.383
2197.197
2200.253
2203.142
2206.411
2209.433
2212.376
2215.365
2218.209
2221.155
2225.109
2228.721
2232.299
2235.919
2240.452
2244.406
2248.032
2251.900
2257.165
2263.329
2271.069
2283.235
2305.622
2402.802
2522.792
2593.231
2733.890
2853.412
2924.128
2999.430
3115.285
3194.776
3266.442
3457.448
3689.574
3908.289
4031.092
4245.417
4490.976
4713.499
5299.986
