179.382
776.562
1242.694
1830.561
1970.782
1993.733
2010.754
2026.801
2037.781
2047.393
2056.201
2064.037
2071.216
2077.896
2085.001
2091.988
2098.632
2104.922
2110.689
2115.211
2121.764
2128.618
2134.098
2141.607
2148.084
2156.408
2162.898
2170.093
2179.812
2187.452
2194.583
2201.547
2206.869
2212.075
2218.201
2223.440
2230.317
2237.074
2244.039
2250.384
2255.938
2262.040
2268.081
2274.673
2279.788
2286.806
2294.193
2301.703
2312.751
2322.867
2332.195
2339.660
2348.683
2356.137
2363.047
2369.781
2375.831
2381.907
2388.122
2394.226
2401.332
2406.709
2412.795
2419.429
2426.456
2434.279
2442.087
2449.792
2456.413
2463.735
2471.481
2478.109
2485.937
2493.102
2500.892
2508.820
2515.421
2522.928
2529.404
2535.461
2541.253
2547.390
2553.111
2558.297
2563.744
2570.592
2576.408
2582.621
2588.950
2595.646
2602.241
2611.353
2621.295
2633.963
2644.126
2654.094
2666.634
2676.913
2693.611
2723.530
