14.372
14.487
14.509
14.539
14.551
14.572
14.590
14.614
14.634
14.654
14.682
14.707
14.728
14.752
14.817
14.877
14.960
15.178
15.374
15.528
15.739
15.984
16.178
16.283
16.390
16.496
16.600
16.758
16.932
17.083
17.178
17.311
17.531
17.751
17.932
18.121
18.283
18.544
18.850
18.997
19.154
19.414
19.862
20.476
20.782
21.245
21.516
22.096
22.618
23.206
23.767
24.421
25.079
26.038
27.324
28.457
30.497
32.731
38.772
55.415
108.423
128.116
165.480
189.339
219.464
261.376
333.779
424.821
1011.778
1012.307
1012.998
1013.423
1013.996
1014.385
1014.889
1015.573
1016.257
1017.242
1018.080
1019.764
1023.837
1031.130
3015.729
3016.731
3017.680
3018.670
3019.519
3021.157
3024.099
3034.162
7023.027
7025.480
7027.733
7029.717
7033.709
7081.555
15039.747
15046.647
15055.776
31082.291
