76.077
227.497
366.466
383.449
397.075
410.119
414.978
420.011
424.768
428.546
432.453
435.973
437.957
440.337
442.365
444.284
445.368
446.570
447.952
448.956
450.125
451.261
452.496
453.256
453.796
454.656
455.379
456.007
456.603
457.313
457.840
458.325
459.105
459.770
460.313
460.913
461.280
461.641
462.050
462.676
463.298
463.918
464.292
465.020
465.656
466.243
466.815
467.309
467.841
468.429
468.979
469.303
469.907
470.355
470.647
470.919
471.372
471.918
472.438
473.041
473.499
473.974
474.371
474.814
475.180
475.684
476.151
476.765
477.283
477.695
478.337
479.310
480.078
480.813
481.600
482.305
483.186
484.283
484.951
485.588
486.223
486.891
487.609
488.424
489.097
489.592
490.294
491.295
492.064
493.943
496.324
499.530
502.121
506.315
511.282
518.375
527.533
540.641
567.228
668.586
