253.989
760.070
1469.444
1760.815
1855.010
1879.897
1905.444
1935.395
1955.967
1967.553
1976.289
1983.645
1991.240
1999.028
2008.339
2018.068
2027.604
2035.135
2040.955
2047.020
2051.617
2055.797
2059.280
2062.788
2066.539
2070.557
2074.746
2078.507
2081.862
2085.831
2089.562
2093.753
2097.449
2102.354
2108.077
2113.818
2120.257
2127.232
2133.507
2141.413
2147.671
2155.112
2160.676
2165.360
2171.197
2176.293
2181.211
2185.940
2192.098
2197.358
2202.918
2209.275
2215.568
2222.078
2229.875
2235.740
2239.725
2243.899
2247.768
2252.074
2255.004
2258.246
2261.166
2264.294
2267.006
2270.465
2273.011
2275.859
2278.083
2280.423
2282.460
2285.416
2287.652
2290.013
2292.289
2294.769
2297.191
2299.828
2302.264
2305.792
2309.132
2313.504
2318.617
2327.691
2362.817
2545.602
2656.326
2704.321
2959.580
3054.707
3224.344
3360.105
3534.678
3672.961
3806.909
4044.681
4192.952
4600.769
4899.309
5433.083
