286.140
1463.958
2567.550
3177.317
3543.088
3721.408
3837.961
3941.927
3989.745
4031.544
4061.775
4081.423
4099.992
4114.850
4132.939
4146.137
4157.361
4168.992
4179.118
4188.204
4197.807
4207.079
4215.821
4225.389
4232.897
4241.196
4248.794
4256.131
4264.412
4271.925
4279.440
4287.101
4294.623
4302.327
4309.658
4315.930
4323.442
4329.942
4336.129
4341.835
4347.599
4352.869
4359.264
4364.215
4370.140
4376.751
4382.815
4388.033
4393.975
4399.170
4404.316
4409.223
4414.291
4419.705
4424.633
4429.611
4434.958
4440.901
4447.200
4453.257
4458.869
4465.126
4471.666
4478.323
4485.561
4494.276
4504.958
4515.383
4526.341
4538.885
4556.750
4576.499
4595.951
4618.630
4644.985
4668.894
4687.846
4712.327
4739.780
4769.763
4800.144
4836.323
4883.994
4938.740
4983.347
5025.202
5069.219
5118.662
5170.187
5217.344
5261.129
5311.556
5365.202
5422.992
5489.528
5666.324
5843.990
6059.400
6396.203
7020.195
