53.950
214.761
311.937
353.178
378.309
406.903
428.764
435.517
440.424
443.150
445.824
448.202
450.802
452.393
453.894
455.673
456.753
457.420
458.307
459.292
460.212
461.101
461.629
462.162
462.829
463.865
464.443
464.958
465.448
465.980
466.286
466.683
467.297
467.642
468.157
468.436
469.122
469.589
469.907
470.127
470.503
470.754
471.103
471.468
471.845
472.138
472.550
473.001
473.402
473.844
474.185
474.584
475.023
475.292
475.659
476.118
476.402
477.008
477.318
477.796
478.270
478.750
479.272
479.871
480.357
480.909
481.440
481.798
482.241
482.539
482.938
483.630
483.957
484.591
485.129
485.772
486.325
486.929
487.882
488.770
489.635
490.755
491.809
493.286
495.035
496.530
498.263
499.451
500.634
502.526
506.105
510.463
517.347
528.462
547.659
573.045
605.343
674.856
705.101
725.203
