78.883
154.839
232.267
318.252
337.149
371.977
396.345
421.141
430.290
437.841
441.183
445.820
448.878
450.680
452.521
453.914
455.274
456.539
457.360
458.315
459.308
459.925
460.987
461.641
462.179
462.941
463.575
464.384
464.949
465.605
466.036
466.469
466.919
467.395
467.796
468.213
468.664
469.282
469.786
470.123
470.475
470.855
471.333
471.572
471.963
472.358
472.729
473.164
473.427
473.827
474.197
474.560
474.850
475.086
475.377
475.672
476.055
476.323
476.689
477.005
477.328
477.678
478.148
478.488
478.894
479.318
479.729
480.162
480.568
480.976
481.465
481.782
482.285
482.678
483.218
483.761
484.171
484.625
485.303
485.806
486.883
487.791
488.710
489.650
490.558
491.564
492.600
493.970
495.397
497.296
498.978
500.645
503.550
508.777
522.252
548.525
606.687
623.768
704.505
808.687
