380.769
667.338
779.193
814.008
1064.066
1801.287
1872.724
1895.245
1913.313
1925.427
1937.122
1947.782
1956.203
1964.606
1974.251
1982.251
1990.811
1997.512
2006.608
2015.645
2025.767
2034.536
2042.892
2051.203
2059.781
2070.312
2080.404
2090.190
2100.134
2110.232
2119.473
2129.332
2137.487
2144.009
2149.170
2155.142
2159.879
2164.577
2169.915
2174.489
2179.088
2183.274
2186.982
2190.492
2194.189
2198.333
2201.568
2205.550
2209.118
2212.688
2215.956
2218.800
2221.654
2224.817
2227.473
2230.741
2233.916
2236.080
2238.741
2241.382
2243.473
2245.846
2248.284
2250.409
2252.658
2255.058
2257.692
2260.416
2263.449
2266.399
2268.916
2271.575
2274.869
2278.594
2281.935
2284.861
2288.077
2291.355
2295.432
2299.370
2304.701
2309.758
2318.115
2330.683
2361.144
2563.075
2648.568
2868.366
3001.993
3188.003
3315.728
3485.899
3684.428
3919.064
4056.921
4160.268
4286.603
4609.683
4912.870
5379.463
