439.520
824.640
1015.145
1185.151
1368.623
1980.912
2086.075
2112.250
2125.345
2133.515
2139.688
2144.754
2149.918
2154.249
2158.073
2162.034
2166.077
2170.033
2173.267
2177.394
2181.681
2187.432
2193.279
2199.467
2204.797
2210.114
2215.755
2221.976
2231.335
2256.592
2478.553
2505.172
2524.864
2543.739
2572.122
2622.610
2852.648
2886.679
2927.983
3064.610
3139.493
3161.651
3180.823
3201.233
3218.752
3240.555
3309.056
3420.033
3488.501
3541.063
3602.771
3750.138
3860.879
3906.510
3935.693
3962.733
3999.156
4062.446
4220.336
4313.609
4438.934
4565.898
4642.522
4717.078
4811.361
4933.915
5021.852
5131.218
5246.539
5324.125
5407.859
5517.226
5637.189
5753.032
5872.004
6006.846
6138.764
6280.618
6424.693
6591.745
6784.385
7005.763
7202.626
7450.253
7640.352
7797.498
7986.584
8214.125
8481.175
8739.109
9021.046
9348.579
9637.720
9934.668
10390.621
10856.259
11525.250
12452.711
13584.877
15740.337
