288.082
467.360
614.570
689.037
894.136
1695.603
1797.071
1854.901
1876.435
1887.809
1895.187
1903.902
1910.720
1916.112
1921.738
1929.331
1937.807
1947.599
1957.572
1968.141
1978.205
1988.140
1997.868
2005.963
2014.265
2021.238
2028.344
2033.569
2038.494
2044.590
2049.367
2053.651
2058.111
2063.254
2067.574
2072.091
2076.859
2081.338
2085.561
2090.512
2095.525
2100.919
2105.813
2110.611
2115.165
2119.777
2125.206
2129.352
2133.855
2138.028
2142.912
2147.878
2153.035
2159.539
2164.113
2169.930
2177.512
2183.289
2188.514
2195.580
2201.174
2207.669
2213.396
2219.990
2226.304
2234.433
2241.395
2248.333
2255.156
2260.588
2265.753
2271.693
2277.759
2281.924
2286.617
2290.671
2294.996
2299.996
2305.242
2310.975
2322.014
2338.654
2400.593
2604.132
2697.109
2901.264
3004.278
3079.807
3183.716
3315.502
3540.725
3743.884
3908.757
4030.994
4130.988
4297.706
4590.385
4845.648
5059.760
5539.083
