65.781
199.849
287.080
330.942
383.689
425.797
438.219
447.328
451.072
454.302
456.091
457.552
458.834
459.896
460.701
461.705
462.389
463.013
463.450
464.216
464.576
465.026
465.457
465.785
466.326
466.804
467.232
467.432
467.831
468.021
468.475
468.827
469.193
469.418
469.746
470.043
470.277
470.614
470.852
471.055
471.318
471.525
471.713
471.924
472.207
472.407
472.630
472.854
473.091
473.260
473.478
473.758
474.113
474.401
474.652
475.041
475.335
475.535
475.822
476.182
476.431
476.762
477.003
477.295
477.609
477.883
478.164
478.447
478.774
479.081
479.577
479.992
480.259
480.494
480.841
481.384
481.772
482.171
482.878
483.378
484.095
484.908
485.387
486.166
486.917
487.912
488.780
490.160
491.824
493.417
496.379
501.095
506.970
519.803
530.286
553.818
578.832
637.820
691.449
722.620
