14.407
14.592
14.667
14.770
15.123
15.927
16.537
17.298
18.165
19.005
19.907
20.929
22.936
24.238
26.405
28.540
30.816
34.177
37.022
38.935
41.126
43.361
45.929
48.854
53.990
64.406
85.289
96.980
106.049
112.948
119.612
132.556
141.836
150.895
158.619
165.695
170.704
178.879
185.925
189.980
191.995
194.374
196.344
197.723
198.740
199.528
200.438
201.536
202.215
203.153
204.035
204.763
205.577
206.871
207.853
208.424
209.562
210.885
211.996
213.759
215.113
220.446
228.111
236.981
245.469
252.077
258.443
262.753
266.570
270.756
274.363
280.198
294.663
311.665
323.562
342.051
353.590
360.583
364.896
367.971
373.394
384.854
1011.663
1013.309
1014.668
1016.981
1019.073
1027.106
1040.408
1162.383
3018.333
3023.195
3040.767
7019.916
7027.076
7031.251
7035.288
7064.071
7262.245
15372.958
