79.416
232.989
360.732
378.608
412.811
430.041
440.796
445.144
448.188
449.740
451.090
452.186
453.518
454.175
455.367
456.360
457.318
457.927
458.496
459.129
460.104
460.717
461.316
462.102
462.517
463.455
463.921
464.514
464.972
465.395
465.968
466.443
466.672
467.179
467.528
467.953
468.302
468.601
469.073
469.522
469.925
470.259
470.631
471.114
471.573
471.836
472.219
472.684
473.025
473.492
473.818
474.148
474.610
474.879
475.315
475.668
475.878
476.202
476.484
476.813
477.270
477.702
478.058
478.449
478.805
479.187
479.681
480.160
480.525
480.801
481.182
481.773
482.281
482.626
483.135
483.543
483.855
484.357
484.891
485.311
485.743
486.369
487.023
487.866
488.586
489.105
489.864
490.862
491.933
493.317
495.266
497.841
501.089
503.914
508.450
518.465
537.247
578.477
693.803
725.305
