184.318
356.964
394.150
408.436
421.415
436.740
443.139
447.027
448.744
450.488
451.698
452.829
453.887
454.928
456.085
456.828
457.891
458.561
459.215
459.960
460.639
461.069
461.661
462.348
462.934
463.279
463.675
464.054
464.365
464.992
465.546
466.027
466.416
466.878
467.262
467.828
468.048
468.409
468.752
469.178
469.461
469.848
470.204
470.554
470.807
471.390
471.609
471.854
472.175
472.614
472.910
473.198
473.412
473.889
474.092
474.417
474.773
475.249
475.824
476.156
476.469
476.843
477.308
477.759
478.246
478.648
478.964
479.343
479.974
480.499
480.843
481.395
481.937
482.525
483.020
483.504
483.997
484.383
485.048
485.545
486.094
486.746
487.266
487.882
488.704
489.531
490.408
491.206
492.522
493.782
494.976
495.874
497.483
498.314
500.973
505.093
512.109
526.331
616.095
688.274
