145.170
244.507
358.270
390.663
420.839
428.897
435.702
439.013
442.681
444.707
447.416
449.139
450.567
451.614
452.514
453.166
454.610
455.731
456.275
457.299
457.962
458.785
459.431
460.156
460.914
461.573
462.447
462.981
463.473
463.888
464.488
464.981
465.499
466.139
466.568
467.078
467.554
467.912
468.275
468.799
469.076
469.572
469.986
470.359
470.761
471.248
471.540
471.870
472.315
472.752
472.993
473.449
473.948
474.333
474.806
475.229
475.606
476.063
476.350
476.781
477.154
477.456
477.829
478.315
478.754
479.295
479.783
480.210
480.685
481.117
481.551
482.198
482.646
483.319
483.797
484.473
485.086
485.775
486.275
486.667
487.360
488.066
488.563
489.174
489.751
490.552
491.494
492.425
493.503
494.671
495.601
498.784
500.736
502.589
507.319
511.290
520.046
548.019
629.146
685.626
