14.267
14.527
14.575
14.624
14.677
14.758
14.946
15.352
15.723
16.156
16.405
16.680
16.971
17.235
17.614
18.034
18.420
18.782
19.095
19.636
20.061
20.627
21.187
21.861
22.422
23.113
23.864
24.726
25.854
27.236
28.704
30.883
33.026
36.579
43.034
54.418
77.238
108.556
139.375
194.629
226.904
270.910
322.536
367.275
408.910
436.544
473.912
507.716
550.040
582.779
629.952
673.215
780.987
999.647
1011.910
1012.698
1013.413
1014.024
1014.603
1015.265
1016.055
1016.872
1017.964
1019.316
1021.006
1023.246
1027.355
1033.490
1113.450
1236.232
1465.504
1745.579
3015.397
3016.716
3017.747
3018.660
3019.605
3021.022
3022.590
3025.792
3031.332
3105.835
7019.225
7023.955
7026.016
7028.619
7031.053
7035.308
7052.103
7413.020
15036.836
15043.127
15047.681
15055.848
15247.801
31066.110
31082.301
31251.969
63146.397
127203.795
