141.463
224.879
309.804
365.932
426.561
432.399
436.850
439.896
442.030
443.461
444.883
446.900
449.003
450.069
450.976
452.057
452.859
453.678
454.754
455.724
456.864
457.553
458.216
458.860
459.524
460.215
460.989
461.900
462.891
463.460
464.216
464.754
465.327
465.933
466.340
466.755
467.326
467.815
468.237
468.537
469.239
469.852
470.444
470.938
471.382
471.932
472.309
472.725
473.067
473.445
473.935
474.228
474.715
475.009
475.458
475.837
476.338
476.677
477.237
477.633
478.039
478.384
478.770
479.409
479.942
480.494
480.917
481.364
481.950
482.600
482.992
483.424
483.965
484.491
485.090
485.602
486.278
486.948
487.485
488.053
488.661
489.602
490.155
490.733
491.536
492.275
492.872
493.955
494.849
496.010
497.542
498.375
499.752
501.697
503.414
505.937
512.737
552.717
627.746
723.061
