864.915
2077.120
2100.253
2113.563
2122.444
2129.646
2135.731
2139.924
2144.285
2148.364
2151.841
2155.978
2159.734
2163.425
2166.899
2170.502
2174.552
2178.379
2182.434
2186.607
2191.963
2197.509
2203.345
2211.704
2228.317
2449.019
2485.485
2506.727
2523.316
2540.394
2563.037
2754.436
2826.255
2854.580
2882.998
2907.370
2999.081
3130.657
3151.877
3165.906
3179.117
3196.908
3223.511
3271.125
3371.775
3435.483
3485.250
3541.820
3604.867
3771.189
3863.432
3906.835
3933.925
3965.910
4007.761
4126.900
4238.190
4308.431
4404.403
4497.753
4599.291
4656.974
4715.032
4819.886
4931.373
5008.641
5092.116
5217.336
5284.288
5380.221
5467.050
5589.138
5670.795
5753.824
5862.267
5988.235
6096.334
6217.404
6350.462
6466.159
6615.870
6777.135
6938.671
7108.172
7327.631
7511.430
7672.810
7848.727
8066.630
8317.298
8570.857
8851.043
9213.237
9627.323
10020.945
10502.342
11029.874
11746.696
12711.624
14642.740
