540.408
703.694
809.320
917.102
1201.327
1730.275
1774.151
1796.914
1824.561
1847.762
1865.175
1886.618
1917.465
1946.812
1968.184
1988.519
2007.305
2022.435
2035.019
2046.107
2053.180
2058.990
2063.878
2068.107
2071.908
2075.866
2078.766
2081.962
2085.111
2088.161
2091.759
2095.175
2098.488
2102.313
2106.413
2110.226
2114.646
2119.185
2124.589
2130.157
2134.915
2139.518
2144.655
2150.117
2155.501
2161.762
2169.718
2178.375
2187.062
2193.379
2199.158
2205.022
2210.450
2216.110
2221.725
2227.998
2233.865
2239.932
2245.575
2250.327
2255.842
2260.318
2263.993
2267.073
2270.613
2273.491
2276.155
2279.434
2282.196
2284.971
2287.336
2289.869
2292.185
2294.722
2297.513
2300.071
2302.868
2305.601
2308.220
2311.170
2313.842
2317.694
2320.726
2326.132
2332.429
2374.107
2639.990
2695.524
2979.951
3090.824
3295.326
3447.501
3689.917
3966.750
4081.572
4203.256
4489.265
4824.372
5084.856
5525.923
