281.531
1394.125
2553.436
3123.647
3387.534
3432.654
3473.904
3512.333
3539.229
3572.865
3618.078
3657.236
3689.799
3716.530
3736.456
3753.467
3766.098
3776.898
3788.155
3798.069
3810.170
3820.550
3831.988
3844.549
3855.062
3867.374
3882.594
3895.866
3910.228
3924.556
3940.506
3958.252
3978.198
3999.269
4018.419
4045.597
4077.153
4112.677
4156.504
4203.216
4253.536
4300.423
4332.631
4371.484
4408.027
4439.593
4479.753
4516.431
4550.423
4578.875
4606.367
4629.595
4653.385
4678.863
4698.711
4714.837
4727.420
4741.969
4756.968
4771.207
4782.953
4794.944
4807.045
4817.559
4828.029
4838.893
4849.416
4859.488
4870.046
4880.173
4889.687
4900.430
4908.270
4917.649
4928.540
4940.509
4952.208
4963.180
4976.145
4988.831
5002.481
5019.330
5042.674
5075.075
5142.107
5316.127
5449.991
5570.942
5658.886
5732.832
5789.514
5837.850
5892.718
5962.288
6055.007
6516.724
6749.866
6917.624
7314.991
8168.292
