14.236
14.497
14.549
14.592
14.647
14.706
14.824
15.144
15.595
16.055
16.371
16.681
16.974
17.281
17.703
18.198
18.763
19.099
19.504
20.052
20.584
21.183
21.904
22.554
23.208
23.899
24.842
25.934
27.140
28.321
29.947
32.113
35.088
40.506
52.553
74.593
119.071
219.731
287.169
338.837
385.550
433.952
473.027
507.648
529.531
563.930
587.717
604.415
634.257
657.500
690.559
750.095
800.338
845.763
979.499
1011.869
1012.492
1013.273
1013.753
1014.417
1014.964
1015.706
1016.577
1017.885
1019.304
1021.276
1024.114
1030.056
1057.443
1157.555
1334.892
1467.170
1689.769
2194.064
3016.134
3017.429
3018.329
3019.172
3020.165
3021.659
3023.951
3027.995
3093.988
7019.551
7023.973
7026.457
7028.673
7031.229
7037.584
7190.103
15037.595
15043.386
15048.393
15069.827
15684.784
31072.908
31098.511
31463.151
63123.686
63178.239
