290.047
465.394
550.904
666.120
1078.094
1788.493
1848.167
1889.635
1939.871
1960.283
1975.221
1992.606
2006.248
2014.865
2022.621
2028.688
2034.831
2039.887
2044.567
2048.829
2052.672
2056.477
2059.659
2062.983
2066.051
2069.279
2072.406
2075.100
2078.437
2081.643
2084.544
2087.451
2090.065
2093.123
2096.348
2099.681
2102.228
2105.509
2108.138
2111.151
2113.970
2116.784
2119.848
2123.077
2126.087
2129.212
2132.414
2135.449
2138.560
2141.434
2144.530
2147.741
2151.393
2155.151
2158.770
2162.787
2167.599
2172.597
2178.192
2183.882
2189.196
2195.137
2199.491
2204.388
2208.750
2213.015
2216.921
2221.074
2225.526
2230.383
2235.406
2239.759
2244.691
2248.502
2252.684
2257.080
2261.659
2267.101
2273.460
2280.444
2293.670
2314.353
2442.820
2537.691
2638.966
2845.799
2998.327
3092.602
3186.497
3298.833
3474.366
3714.295
3881.823
4018.124
4093.656
4208.440
4407.171
4669.584
4935.023
5356.968
