349.932
498.407
574.057
640.752
795.737
1136.052
1664.485
1685.189
1698.746
1709.751
1723.758
1739.115
1756.154
1769.291
1781.459
1791.659
1802.702
1811.707
1821.939
1832.306
1841.482
1849.858
1856.958
1865.747
1874.492
1888.506
1901.008
1921.715
1972.938
1991.358
2005.406
2019.260
2032.900
2043.376
2054.185
2061.319
2070.979
2078.521
2085.766
2093.537
2099.957
2107.987
2115.397
2121.769
2128.455
2134.158
2138.363
2143.026
2147.854
2152.701
2158.832
2164.131
2170.033
2177.246
2184.662
2194.891
2207.840
2223.502
2233.544
2240.822
2246.112
2251.226
2255.550
2259.435
2263.484
2267.908
2272.001
2275.031
2278.883
2282.481
2285.973
2290.137
2293.565
2297.432
2302.143
2306.087
2310.256
2314.300
2319.147
2326.023
2332.188
2354.821
2568.200
2666.147
2730.897
2910.772
3077.673
3239.746
3379.831
3561.769
3745.151
4011.500
4153.212
4264.290
4393.584
4539.513
4775.510
4935.835
5162.083
5521.391
