48.636
81.431
99.900
126.228
185.089
295.819
351.553
418.332
434.628
440.081
444.250
446.308
448.295
450.058
451.653
452.600
453.843
455.024
456.193
456.958
457.825
458.562
459.493
460.222
460.996
461.924
462.599
463.105
463.585
464.129
464.595
465.207
465.781
466.211
466.635
467.149
467.778
468.324
468.664
469.167
469.465
469.775
470.091
470.383
470.894
471.383
471.848
472.380
472.781
473.325
473.962
474.389
474.691
475.195
475.642
475.895
476.460
476.916
477.364
477.768
478.217
478.677
479.242
479.729
480.092
480.680
481.052
481.383
481.826
482.438
482.815
483.308
483.657
484.351
484.724
485.236
485.732
486.440
486.931
487.569
488.292
488.775
489.514
490.203
490.903
492.442
493.336
494.531
496.096
498.410
499.980
502.434
506.200
514.395
523.338
546.466
592.322
825.861
914.401
941.395
