452.791
1954.915
2075.079
2093.820
2106.018
2114.677
2120.355
2125.282
2129.313
2133.217
2136.414
2139.184
2141.894
2144.715
2147.205
2150.107
2153.223
2156.110
2159.483
2163.127
2166.867
2171.012
2176.750
2187.137
2392.984
2466.472
2484.959
2499.028
2511.715
2525.693
2551.510
2807.611
2842.948
2863.776
2893.476
3093.263
3128.946
3143.425
3156.844
3174.394
3205.625
3250.241
3390.554
3432.716
3478.562
3530.358
3616.761
3782.891
3859.044
3893.394
3921.200
3947.367
3983.851
4120.410
4228.401
4304.526
4415.027
4509.855
4590.593
4631.498
4664.392
4750.087
4870.939
4943.301
5006.107
5087.613
5189.304
5251.589
5353.675
5451.657
5569.776
5656.409
5729.637
5837.401
5934.731
6045.536
6162.608
6284.597
6408.152
6527.809
6686.105
6848.969
7037.574
7237.653
7413.033
7572.264
7715.551
7928.239
8119.211
8393.246
8658.783
8975.341
9288.292
9647.813
10020.279
10426.658
10999.575
11664.446
12683.393
14225.987
