160.025
892.045
987.582
1089.567
1268.704
1986.855
2089.285
2117.705
2128.269
2137.306
2142.475
2147.198
2151.461
2155.233
2158.648
2161.789
2164.709
2168.209
2171.212
2174.263
2177.520
2180.386
2183.328
2186.589
2190.150
2194.295
2198.388
2203.776
2211.570
2246.407
2495.732
2514.781
2528.340
2541.733
2558.784
2741.758
2864.498
2889.966
2918.207
3110.553
3148.523
3164.681
3179.091
3194.216
3219.830
3265.565
3389.928
3459.138
3515.228
3569.967
3655.149
3830.879
3890.086
3925.073
3954.007
3983.474
4039.867
4191.155
4289.932
4388.973
4489.708
4599.094
4665.999
4723.899
4838.233
4936.383
5032.075
5141.023
5245.834
5330.231
5432.457
5545.119
5657.172
5751.568
5844.356
5972.908
6114.325
6260.495
6420.317
6559.591
6769.123
6991.758
7184.106
7429.043
7602.581
7772.381
7986.942
8200.499
8466.158
8714.192
9018.332
9319.386
9685.810
10037.754
10396.924
10882.743
11435.911
12223.751
13522.522
15723.134
