994.417
1736.538
1813.353
1833.533
1854.201
1875.508
1895.388
1911.799
1926.999
1943.604
1954.943
1965.547
1975.389
1985.860
1995.113
2003.509
2014.660
2026.442
2037.531
2044.374
2050.331
2057.085
2062.467
2067.118
2072.129
2077.916
2083.408
2088.681
2093.428
2097.911
2102.528
2106.698
2111.403
2115.992
2120.778
2125.299
2130.417
2134.650
2140.487
2145.308
2152.008
2156.895
2161.336
2166.756
2171.716
2176.754
2180.764
2184.072
2187.907
2192.275
2196.101
2199.188
2202.516
2205.752
2208.947
2212.103
2215.346
2218.261
2221.812
2225.530
2228.936
2232.456
2236.741
2240.875
2245.037
2249.388
2253.298
2257.172
2260.995
2264.550
2268.100
2271.519
2274.764
2279.038
2283.251
2286.765
2290.745
2294.914
2299.346
2305.926
2312.655
2322.998
2367.420
2519.958
2610.671
2683.661
2744.579
2833.256
2932.439
3046.927
3119.482
3254.761
3437.226
3622.454
3689.743
3956.871
4095.697
4413.988
4800.796
5191.396
