1458.554
2089.113
2105.330
2112.637
2117.199
2120.919
2124.591
2127.294
2130.058
2132.700
2135.259
2137.764
2140.132
2142.953
2145.275
2148.166
2151.078
2154.128
2157.399
2160.563
2164.972
2171.374
2180.860
2412.826
2469.958
2482.080
2492.527
2503.740
2514.532
2533.990
2799.821
2831.093
2846.280
2861.885
2886.537
3073.049
3119.686
3134.595
3150.507
3167.392
3191.137
3215.473
3294.796
3391.348
3440.642
3495.008
3541.436
3594.788
3762.917
3842.950
3875.781
3899.022
3923.415
3952.500
4068.377
4196.291
4271.323
4374.235
4479.073
4573.271
4621.229
4661.133
4771.470
4876.901
4958.706
5028.680
5132.380
5213.565
5294.581
5377.353
5459.774
5576.292
5668.827
5743.770
5840.066
5949.295
6072.336
6207.538
6340.025
6463.003
6635.908
6801.889
6986.188
7156.403
7354.717
7511.172
7688.547
7898.740
8122.779
8373.492
8629.100
8911.868
9209.631
9559.099
9950.237
10407.415
11024.578
11875.941
12855.886
14545.444
