206.994
810.899
1298.788
1720.518
1753.582
1780.410
1810.237
1836.292
1862.676
1899.856
1930.507
1956.666
1982.493
2005.886
2023.933
2039.718
2051.944
2065.018
2082.731
2094.950
2106.322
2116.975
2124.665
2133.117
2140.343
2146.955
2154.678
2162.473
2168.773
2175.976
2183.948
2191.622
2199.582
2206.511
2212.558
2218.376
2224.136
2230.192
2236.350
2243.721
2249.827
2256.093
2264.450
2272.054
2279.883
2289.003
2297.507
2306.549
2314.981
2322.518
2329.757
2337.401
2345.904
2354.684
2366.489
2377.122
2385.464
2392.864
2399.863
2405.520
2412.961
2419.808
2427.086
2433.581
2441.550
2449.683
2457.672
2466.708
2475.086
2480.223
2486.584
2493.360
2499.313
2505.072
2510.425
2516.810
2522.678
2529.089
2535.381
2543.473
2550.840
2560.314
2569.755
2580.464
2590.146
2598.735
2608.737
2621.146
2634.313
2645.555
2661.253
2683.037
2715.191
2754.035
2794.059
2817.557
2837.910
2858.961
2883.035
2911.798
