163.934
851.405
1137.659
1380.171
1754.312
2093.420
2121.729
2133.068
2141.721
2148.283
2153.922
2158.747
2163.501
2168.051
2172.433
2176.959
2181.135
2185.373
2189.436
2193.888
2198.159
2201.867
2206.570
2210.567
2215.317
2220.154
2225.526
2230.705
2238.227
2252.809
2462.917
2512.140
2538.174
2561.744
2584.547
2653.913
2860.898
2902.426
2944.426
3117.480
3153.937
3176.460
3194.851
3211.162
3228.859
3262.053
3337.287
3437.512
3506.570
3561.159
3665.410
3826.519
3896.591
3935.380
3966.578
4005.994
4055.261
4188.140
4302.170
4411.684
4525.332
4629.616
4710.359
4780.094
4906.664
4997.128
5095.007
5221.171
5297.535
5367.916
5456.789
5566.531
5676.191
5769.778
5882.801
6024.049
6162.308
6286.437
6417.463
6580.698
6784.829
6996.945
7196.569
7412.558
7612.433
7786.559
7995.852
8181.254
8410.996
8686.629
8964.802
9316.389
9655.171
9971.514
10332.094
10817.249
11473.916
12270.154
13291.680
15369.179
