14.261
14.546
14.614
14.689
14.756
14.908
15.332
15.810
16.195
16.602
16.964
17.357
17.928
18.448
18.970
19.504
20.135
20.883
21.623
22.521
23.583
24.679
26.363
28.307
30.933
34.788
39.738
46.488
57.407
75.206
105.685
141.103
181.976
234.109
262.029
325.419
439.998
530.490
621.480
705.625
782.641
847.990
946.450
1011.505
1012.289
1013.245
1013.864
1014.518
1015.080
1015.784
1016.649
1017.727
1019.057
1020.952
1024.242
1029.689
1046.307
1097.069
1202.687
1361.894
1549.714
2024.697
3015.737
3016.854
3017.746
3018.544
3019.403
3020.449
3022.067
3024.533
3029.133
3042.158
3169.526
7020.112
7024.100
7026.148
7028.122
7030.443
7034.212
7046.113
7120.959
7802.352
15037.720
15041.804
15046.156
15051.382
15066.269
15503.178
15929.969
31056.309
31073.036
31083.423
31100.645
31490.584
63129.740
63169.151
127165.222
127217.025
127253.933
127281.183
