985.006
1687.909
1731.668
1757.225
1785.834
1810.903
1861.125
1883.335
1906.481
1928.950
1945.579
1957.629
1968.650
1977.013
1986.161
1995.438
2007.142
2017.281
2024.720
2031.608
2037.802
2043.145
2048.156
2053.518
2058.790
2063.453
2068.204
2074.699
2079.824
2085.524
2091.207
2096.531
2101.859
2106.776
2110.300
2113.929
2117.465
2121.037
2124.627
2128.570
2131.372
2135.324
2139.184
2143.704
2148.327
2153.645
2159.597
2166.799
2172.316
2179.919
2186.252
2193.774
2201.011
2208.064
2215.834
2221.379
2226.338
2230.867
2234.989
2238.878
2242.728
2246.904
2250.490
2254.255
2257.767
2261.090
2264.439
2267.205
2270.187
2273.497
2276.854
2279.820
2282.645
2285.619
2288.481
2291.452
2294.665
2297.916
2302.084
2306.018
2310.882
2317.185
2326.516
2406.348
2598.781
2649.337
2711.666
2863.895
2959.775
3041.244
3124.009
3262.729
3416.393
3604.591
3840.579
4082.470
4247.452
4623.319
4892.442
5402.055
