14.241
14.497
14.568
14.612
14.663
14.724
14.827
15.136
15.547
15.961
16.254
16.528
16.842
17.147
17.476
17.996
18.392
18.851
19.255
19.799
20.238
20.876
21.584
22.431
23.225
23.882
24.901
26.179
27.670
29.482
31.907
35.187
39.274
44.992
55.478
86.621
117.434
143.494
192.201
219.005
241.090
260.645
282.857
299.705
313.589
336.499
411.793
505.597
594.598
683.364
795.265
855.496
895.923
964.073
1011.450
1012.217
1013.078
1013.758
1014.306
1014.806
1015.450
1016.060
1016.900
1017.965
1019.408
1021.389
1024.278
1031.056
1046.584
1131.663
1470.498
3015.509
3017.004
3017.807
3018.583
3019.522
3020.885
3022.676
3024.752
3028.333
3036.582
3577.569
7022.761
7025.574
7027.789
7030.210
7034.098
7042.207
7130.193
15035.152
15041.637
15047.417
15059.835
15306.825
15853.083
31075.918
31093.131
31386.884
63133.146
63201.637
