69.709
265.110
331.943
358.985
383.477
396.034
408.035
416.313
423.534
429.052
435.403
438.053
440.576
442.503
443.640
444.688
446.310
447.314
448.519
449.904
450.837
451.597
452.376
452.904
453.457
454.019
454.756
455.656
456.250
456.973
457.566
458.005
458.536
459.169
459.588
460.151
460.890
461.386
462.039
462.591
462.967
463.406
463.707
464.050
464.594
465.158
465.798
466.449
466.977
467.592
468.002
468.338
468.805
469.155
469.699
470.205
470.709
471.341
471.984
472.478
472.825
473.360
473.954
474.584
474.910
475.404
475.955
476.518
476.927
477.526
478.086
478.647
479.378
480.137
480.658
481.316
481.813
482.496
483.286
483.800
484.564
485.140
485.869
486.662
487.992
489.138
490.303
491.516
493.074
494.425
496.433
498.168
500.183
504.075
509.017
514.687
521.283
533.767
575.659
628.912
