1614.348
2105.648
2115.228
2120.448
2124.722
2127.937
2131.116
2133.837
2136.433
2138.931
2141.266
2143.610
2145.841
2148.116
2150.951
2153.511
2156.261
2159.416
2163.091
2166.846
2171.576
2177.914
2186.549
2209.480
2470.438
2486.441
2497.101
2507.511
2519.477
2540.436
2817.580
2845.180
2861.561
2883.619
3070.685
3123.946
3138.778
3150.094
3166.711
3191.043
3217.643
3268.394
3376.613
3424.584
3480.747
3518.941
3585.327
3758.950
3848.983
3892.709
3921.068
3944.378
3976.540
4099.513
4222.364
4301.714
4397.163
4486.789
4588.002
4628.022
4666.798
4742.204
4845.168
4931.990
4989.267
5060.176
5142.346
5225.264
5302.620
5385.519
5467.671
5571.229
5653.300
5743.655
5850.937
5957.338
6062.610
6161.077
6263.023
6394.072
6514.894
6685.125
6860.486
7045.683
7226.509
7431.466
7583.677
7757.000
7993.003
8212.609
8484.211
8760.262
9071.256
9428.814
9823.445
10353.557
10853.084
11611.918
12564.445
14405.150
