29.199
185.289
361.137
384.163
412.297
431.343
438.686
443.379
446.573
449.043
450.477
452.058
452.866
453.839
454.912
456.251
457.315
457.887
459.034
460.174
461.005
461.807
462.355
462.899
463.629
464.150
464.742
465.133
465.550
466.094
466.454
466.756
467.220
467.559
467.837
468.050
468.359
468.653
468.992
469.301
469.604
469.888
470.288
470.734
471.045
471.380
471.689
472.098
472.526
472.895
473.270
473.657
473.968
474.222
474.611
475.066
475.488
475.834
476.196
476.549
476.900
477.226
477.528
477.828
478.107
478.423
478.833
479.291
479.834
480.326
480.705
481.092
481.691
482.382
482.904
483.375
483.878
484.501
484.989
485.699
486.524
487.289
487.864
488.591
489.510
490.512
491.354
492.790
493.929
495.007
496.879
499.042
500.990
504.758
509.598
519.564
542.715
569.828
717.474
749.370
