335.377
1547.458
2617.900
3292.253
3543.380
3623.505
3678.606
3727.545
3775.658
3830.522
3896.534
3930.050
3953.871
3977.735
4005.903
4028.814
4059.778
4084.574
4103.623
4122.089
4139.877
4156.709
4171.361
4186.438
4199.926
4212.993
4225.569
4235.553
4244.436
4253.316
4262.681
4270.674
4279.224
4286.319
4294.138
4302.996
4311.396
4320.689
4329.400
4338.970
4347.879
4356.574
4365.421
4374.133
4381.759
4388.741
4397.218
4404.940
4411.668
4417.848
4423.503
4429.825
4436.427
4442.542
4448.762
4454.661
4461.640
4469.871
4477.506
4485.865
4497.198
4508.584
4519.060
4530.974
4544.404
4557.657
4570.941
4585.422
4599.174
4613.751
4631.892
4649.498
4667.462
4688.217
4711.677
4732.053
4765.483
4798.872
4825.481
4847.778
4869.947
4898.716
4925.332
4957.137
4994.351
5038.764
5101.588
5155.994
5214.478
5263.634
5321.498
5393.665
5464.602
5565.111
5705.846
5845.321
5996.484
6333.917
6826.504
7353.344
