61.727
169.709
189.052
253.847
314.139
337.874
368.658
418.975
434.898
439.925
443.801
446.471
448.981
450.336
451.618
453.232
453.986
455.006
456.127
456.960
457.672
458.337
459.176
459.895
460.967
461.471
462.066
462.595
463.217
463.744
464.263
464.867
465.538
466.290
466.776
467.286
467.886
468.491
468.846
469.175
469.625
469.978
470.374
470.706
471.130
471.554
472.008
472.509
473.019
473.372
473.741
474.027
474.286
474.863
475.221
475.697
476.266
476.692
477.201
477.589
478.181
478.663
479.061
479.522
480.007
480.389
480.772
481.212
481.736
482.322
482.899
483.204
483.658
484.017
484.353
484.830
485.405
485.872
486.726
487.330
487.983
488.575
489.156
489.875
491.050
492.442
493.127
494.666
496.028
497.144
498.001
500.883
504.524
508.494
514.295
523.531
566.821
656.260
788.562
858.117
