77.440
237.906
337.436
359.553
391.078
425.710
434.480
438.475
443.097
445.470
447.584
450.064
451.435
452.663
454.203
455.356
456.296
457.574
458.549
459.603
460.319
461.146
461.905
462.347
462.766
463.367
463.966
464.484
465.026
465.424
465.920
466.337
466.941
467.404
467.700
468.082
468.424
468.763
469.165
469.496
469.928
470.189
470.762
471.306
471.603
472.058
472.485
472.841
473.104
473.482
473.699
474.012
474.399
474.672
474.957
475.237
475.531
476.195
476.625
476.998
477.372
477.798
478.339
478.678
479.230
479.542
480.035
480.383
481.027
481.605
482.115
482.553
482.984
483.389
483.773
484.077
484.474
484.875
485.401
486.052
486.844
487.394
488.060
488.972
489.980
490.783
491.893
493.006
494.180
496.111
499.161
501.336
503.215
508.293
513.676
530.917
578.222
618.204
701.470
725.564
