674.114
1111.979
1362.175
1909.616
2075.201
2107.949
2121.463
2128.900
2134.572
2140.099
2145.037
2149.050
2152.625
2155.844
2159.592
2162.852
2166.745
2170.158
2173.301
2176.883
2180.405
2183.972
2188.182
2192.442
2197.550
2204.033
2212.671
2248.430
2473.618
2502.803
2519.530
2536.344
2557.119
2616.130
2844.781
2876.012
2911.691
3081.382
3138.366
3157.452
3173.577
3191.063
3219.658
3273.312
3377.500
3440.446
3491.822
3548.887
3632.281
3800.639
3879.381
3917.477
3949.029
3986.071
4040.391
4191.741
4279.679
4388.674
4498.709
4607.107
4663.210
4724.204
4838.144
4942.454
5031.022
5137.970
5244.930
5304.039
5407.342
5487.079
5584.303
5672.933
5771.578
5903.071
6027.827
6114.024
6244.926
6363.141
6468.372
6613.268
6766.001
6951.209
7130.416
7323.961
7529.693
7663.640
7847.131
8064.830
8249.698
8443.215
8702.723
8973.853
9277.981
9613.799
10025.010
10520.863
11127.170
11829.365
12635.792
14388.253
