691.262
1184.827
1604.641
1633.038
1656.148
1685.276
1712.433
1737.801
1759.660
1776.528
1798.910
1835.475
1866.931
1887.740
1914.518
1946.500
1970.590
1992.953
2017.700
2040.096
2051.908
2065.770
2078.778
2089.754
2096.759
2103.166
2108.445
2113.693
2118.589
2123.601
2128.925
2135.037
2140.063
2145.496
2150.215
2155.374
2161.190
2168.459
2175.229
2180.002
2184.580
2189.067
2193.224
2196.685
2199.973
2203.119
2206.599
2210.057
2212.462
2215.141
2218.066
2220.518
2222.842
2225.564
2228.323
2230.249
2232.517
2234.305
2236.343
2238.787
2240.716
2242.626
2244.583
2246.558
2248.522
2250.465
2252.789
2254.930
2257.328
2259.371
2262.337
2264.780
2267.950
2270.566
2273.290
2275.887
2278.584
2282.227
2285.500
2289.248
2294.326
2300.510
2309.546
2331.398
2529.920
2602.011
2646.186
2838.141
2982.610
3151.845
3256.124
3352.362
3512.508
3649.756
3823.002
4059.573
4324.507
4636.250
4880.853
5374.450
