347.154
946.671
1650.298
1734.636
1798.768
1837.424
1856.668
1869.720
1882.337
1893.250
1905.267
1914.089
1924.621
1934.516
1946.140
1960.907
1972.960
1981.440
1991.049
2003.038
2018.365
2030.414
2043.454
2061.244
2074.163
2084.361
2094.174
2100.565
2108.306
2116.155
2123.800
2131.177
2137.087
2142.825
2147.573
2152.657
2156.608
2161.037
2164.793
2168.171
2171.892
2175.352
2178.231
2182.341
2185.701
2189.250
2192.431
2195.420
2198.040
2200.630
2203.411
2206.033
2208.798
2211.686
2214.757
2217.542
2220.043
2222.868
2225.520
2227.757
2230.380
2233.064
2235.954
2238.422
2241.395
2244.033
2246.387
2248.866
2251.166
2253.567
2256.239
2258.645
2261.219
2264.697
2267.060
2270.217
2273.759
2277.222
2282.687
2288.798
2295.964
2303.005
2311.353
2326.274
2466.413
2594.629
2680.727
2889.434
2988.493
3088.912
3177.923
3269.113
3385.668
3585.113
3833.903
4059.381
4332.030
4620.126
4863.269
5349.407
