142.682
283.132
325.634
376.252
407.800
417.989
428.242
432.810
436.563
439.789
442.751
444.289
445.621
446.851
448.253
449.428
451.058
451.840
453.046
453.887
454.933
455.730
456.382
457.480
458.475
459.317
460.058
460.725
461.495
462.083
462.853
463.340
463.884
464.591
465.106
465.943
466.532
467.042
467.514
468.142
468.625
469.183
469.635
470.227
470.710
471.265
471.756
472.125
472.804
473.571
474.077
474.579
474.990
475.447
475.819
476.437
477.011
477.732
478.301
478.915
479.538
480.043
480.566
481.116
481.672
482.210
482.742
483.151
483.584
484.281
485.015
485.748
486.306
487.022
487.632
488.179
488.712
489.421
490.063
490.683
491.583
492.674
493.554
494.649
495.676
496.602
497.546
499.238
500.980
503.149
504.567
507.463
510.788
512.872
519.173
524.105
533.244
542.144
598.851
703.980
