127.339
278.821
341.898
361.687
386.922
398.407
405.342
411.211
417.490
423.120
428.328
432.325
435.163
438.991
441.226
443.833
445.229
446.885
448.100
449.251
450.226
451.463
452.238
452.764
453.401
453.810
454.350
454.867
455.598
456.122
456.641
457.312
457.837
458.368
458.775
459.391
460.138
460.651
461.236
461.827
462.313
462.813
463.491
464.153
464.707
465.343
465.932
466.379
467.104
467.542
468.189
468.535
469.189
469.527
470.075
470.631
471.266
471.887
472.432
472.955
473.640
474.269
474.964
475.609
476.335
477.136
477.663
478.315
478.914
479.671
480.324
481.098
481.674
482.726
483.759
484.515
485.526
486.584
487.476
488.206
489.019
489.543
490.611
491.543
492.254
493.061
494.279
496.154
498.353
500.253
501.602
505.210
509.485
512.514
518.738
530.553
546.584
558.189
580.010
607.013
