14.281
14.473
14.536
14.585
14.652
14.740
15.129
15.474
16.075
16.428
16.675
16.884
17.127
17.521
17.925
18.247
18.665
19.092
19.328
19.832
20.275
20.771
21.445
22.117
23.315
24.126
24.960
25.679
26.826
28.315
29.057
30.131
31.376
32.748
34.542
36.246
37.483
40.635
45.115
70.322
130.602
179.043
259.888
306.390
387.864
415.877
428.600
440.684
445.738
449.236
451.019
453.111
454.545
455.947
457.482
458.463
459.508
460.508
461.718
462.684
463.614
464.489
465.180
466.133
467.227
468.216
469.133
469.809
471.203
472.760
474.980
476.536
478.939
482.189
484.320
487.825
493.122
502.293
579.719
633.082
1011.863
1012.858
1013.661
1014.464
1015.151
1016.757
1018.929
1022.518
1026.337
1031.581
1048.253
3017.242
3018.351
3020.145
3023.951
3030.920
7026.273
7031.694
7041.883
7056.772
