652.178
1033.108
1388.576
1730.997
1832.912
1889.478
1912.221
1930.308
1949.193
1967.238
1984.376
1995.791
2007.472
2016.342
2024.463
2031.467
2038.778
2045.208
2050.902
2055.842
2060.625
2066.895
2072.175
2077.589
2083.096
2089.826
2096.893
2102.892
2109.572
2115.813
2122.105
2129.001
2135.909
2142.093
2146.682
2151.521
2156.647
2161.024
2165.342
2169.432
2173.661
2177.302
2181.150
2184.364
2187.274
2190.416
2193.107
2195.991
2199.152
2201.286
2204.218
2206.605
2209.389
2212.425
2215.629
2217.750
2221.032
2223.861
2227.765
2230.606
2234.255
2236.822
2239.700
2243.114
2245.756
2248.016
2250.787
2253.497
2256.457
2259.583
2262.478
2264.675
2267.323
2270.280
2273.024
2276.202
2278.467
2282.019
2285.041
2288.692
2292.630
2297.728
2304.074
2314.078
2402.007
2536.928
2623.319
2681.784
2930.672
3044.826
3174.245
3270.747
3408.968
3546.207
3703.061
3938.049
4138.002
4505.285
4794.235
5278.264
