657.150
1374.108
1669.275
1774.406
1805.551
1820.277
1832.030
1842.767
1849.588
1857.840
1868.441
1880.451
1892.443
1903.221
1912.998
1926.792
1950.450
1981.594
2018.493
2042.608
2062.249
2076.649
2085.849
2092.722
2100.062
2107.646
2115.301
2122.250
2129.143
2135.757
2142.436
2148.501
2153.515
2158.351
2163.330
2166.926
2171.778
2176.880
2181.383
2185.821
2189.468
2193.666
2198.184
2201.794
2205.537
2208.623
2211.818
2215.142
2218.201
2220.610
2223.427
2226.876
2229.397
2232.269
2234.687
2237.577
2239.996
2242.409
2244.812
2247.042
2249.615
2251.512
2253.872
2256.474
2258.818
2260.768
2263.540
2266.134
2268.402
2270.756
2273.373
2275.539
2277.447
2280.066
2282.745
2285.356
2288.421
2291.256
2295.545
2299.320
2304.004
2307.937
2313.743
2320.510
2331.584
2425.372
2581.773
2661.661
2759.926
2943.251
3097.965
3250.459
3385.419
3536.269
3672.224
3984.465
4185.564
4579.660
4925.415
5500.995
