249.456
1861.879
2125.100
2141.121
2148.956
2155.406
2160.239
2164.754
2169.046
2173.119
2176.620
2180.137
2183.744
2187.136
2190.328
2193.522
2196.910
2200.678
2204.462
2208.541
2213.335
2218.655
2224.177
2230.234
2235.221
2240.726
2248.463
2257.421
2460.852
2520.599
2539.708
2557.201
2576.113
2604.359
2841.998
2896.517
2938.393
3025.997
3157.532
3176.846
3193.370
3209.471
3227.525
3247.000
3294.876
3392.022
3456.993
3515.621
3562.557
3632.965
3791.979
3894.941
3929.778
3957.579
3989.257
4022.181
4075.101
4193.217
4301.173
4396.957
4524.551
4645.507
4702.884
4773.253
4880.147
4994.416
5090.508
5216.974
5293.466
5365.103
5460.854
5555.145
5657.109
5743.625
5839.994
5973.204
6104.748
6212.122
6330.911
6454.154
6579.540
6763.469
6961.944
7152.273
7359.594
7559.328
7716.881
7895.538
8138.391
8347.647
8610.103
8870.962
9272.335
9686.115
10121.834
10655.369
11340.848
12085.091
13049.865
15012.543
