82.101
224.225
383.046
420.417
429.742
435.718
438.788
441.034
443.706
445.836
447.355
448.938
450.378
451.562
452.567
453.764
454.858
455.760
456.956
457.618
458.437
459.205
459.584
460.378
460.882
461.467
461.901
462.356
462.887
463.407
463.961
464.498
464.981
465.545
465.954
466.339
466.648
467.178
467.672
468.032
468.374
468.876
469.299
469.729
470.017
470.500
470.906
471.423
471.883
472.315
472.836
473.108
473.446
473.844
474.487
475.249
475.606
476.078
476.564
476.924
477.221
477.680
478.014
478.555
478.947
479.272
479.610
480.130
480.578
481.114
481.493
482.032
482.459
483.029
483.618
484.156
484.695
485.340
485.871
487.288
488.000
488.695
489.514
490.521
491.520
492.054
493.281
493.955
495.127
495.773
497.041
498.245
500.359
503.500
507.645
511.313
517.376
554.999
615.722
668.543
