1299.145
1876.804
2092.167
2111.324
2120.474
2127.290
2133.954
2139.283
2144.912
2149.746
2155.072
2159.769
2164.639
2169.236
2173.865
2178.735
2182.827
2186.909
2191.079
2195.772
2200.910
2205.631
2211.214
2217.468
2226.320
2238.783
2415.632
2484.420
2511.613
2533.578
2553.440
2578.680
2667.792
2836.893
2887.985
2919.654
3048.963
3132.248
3156.768
3175.721
3193.282
3208.373
3234.269
3284.827
3359.491
3432.007
3490.359
3540.650
3610.257
3773.536
3861.136
3902.588
3938.867
3976.158
4017.519
4096.170
4230.475
4319.223
4419.061
4527.247
4605.104
4672.006
4748.893
4866.451
4962.337
5057.512
5155.074
5243.188
5311.966
5395.564
5484.933
5591.980
5682.601
5774.610
5886.188
6023.707
6120.957
6232.835
6358.180
6484.248
6633.515
6819.173
7001.652
7183.134
7369.978
7561.686
7713.157
7900.503
8109.271
8335.983
8576.383
8874.589
9208.013
9523.083
9886.234
10388.698
10990.064
11719.324
12665.068
14190.263
