14.425
14.597
14.678
14.751
15.196
15.939
16.492
16.822
17.183
18.142
18.780
19.136
19.997
20.561
21.146
21.845
22.433
22.991
23.518
24.053
24.607
25.118
25.973
26.690
27.532
28.180
28.827
29.493
30.180
31.069
32.071
32.761
33.456
34.471
35.383
36.048
36.979
37.877
39.002
39.764
40.643
41.664
42.385
43.245
44.072
45.273
46.247
47.103
48.635
49.941
52.078
54.242
56.681
60.058
65.928
84.905
124.456
151.040
189.728
216.810
267.833
304.068
339.628
355.833
380.877
398.162
425.192
442.949
451.773
458.787
464.254
471.602
477.477
488.149
511.259
618.162
668.143
1012.196
1013.307
1014.275
1015.493
1016.956
1018.582
1021.136
1023.269
1025.104
1027.243
1030.814
1034.401
1038.065
1042.904
1049.767
1058.144
3016.564
3018.664
3021.648
3032.425
3057.954
7032.193
7041.818
