14.228
14.602
14.683
14.778
14.959
15.378
15.904
16.419
16.872
17.296
17.849
18.348
18.932
19.448
20.106
20.879
21.720
22.664
23.698
24.775
26.137
27.681
29.258
31.010
33.275
35.911
39.205
43.358
48.323
58.094
72.495
94.273
124.220
158.237
211.589
262.776
304.676
337.082
365.350
401.515
460.307
536.217
604.054
690.706
837.277
926.577
1011.569
1012.350
1013.296
1014.113
1014.815
1015.424
1016.468
1017.654
1019.129
1020.738
1022.953
1026.323
1031.075
1039.659
1067.586
1180.279
1394.684
1951.835
3015.674
3016.917
3018.010
3018.829
3019.797
3021.312
3023.790
3027.771
3034.780
3082.191
3384.474
7020.988
7024.518
7027.146
7029.756
7033.370
7042.089
7091.447
7386.252
15037.585
15042.028
15047.524
15055.869
15195.261
15826.803
31065.798
31077.693
31095.658
31275.359
63124.881
63157.920
63471.605
127207.001
127237.101
127266.444
127287.490
