683.591
917.769
1110.974
1241.509
1545.834
2083.427
2107.641
2118.579
2125.874
2130.508
2134.318
2137.327
2140.248
2142.634
2145.717
2148.381
2150.764
2153.354
2155.822
2158.463
2161.266
2164.068
2167.366
2171.427
2176.442
2183.552
2195.257
2227.559
2466.176
2491.863
2501.392
2511.672
2521.863
2542.833
2816.900
2850.765
2868.781
2904.790
3119.926
3139.812
3153.410
3169.603
3199.274
3229.738
3350.529
3418.114
3463.161
3513.066
3581.662
3752.641
3856.146
3900.824
3926.894
3951.928
3997.308
4159.726
4275.865
4383.281
4476.179
4588.362
4635.357
4669.740
4743.439
4878.235
4962.768
5044.664
5125.398
5217.757
5293.836
5398.259
5526.082
5631.601
5723.079
5804.633
5930.056
6049.831
6169.663
6318.207
6441.707
6619.716
6792.561
7002.470
7188.630
7453.389
7601.533
7761.111
7958.429
8162.953
8435.485
8671.820
8996.730
9304.587
9644.208
9950.034
10322.391
10821.775
11355.099
12089.345
13056.231
14890.277
