186.682
253.735
331.176
381.869
423.739
435.106
443.048
445.591
449.429
451.592
452.863
453.628
454.697
456.216
457.058
458.246
458.735
459.302
460.268
461.044
461.445
461.878
462.516
463.185
463.550
463.975
464.451
464.936
465.346
465.802
466.591
466.941
467.663
468.048
468.542
468.925
469.326
469.798
470.133
470.428
470.781
471.273
471.578
471.871
472.183
472.504
472.939
473.250
473.579
473.859
474.103
474.324
474.666
475.050
475.307
475.649
476.003
476.477
476.835
477.192
477.609
478.118
478.604
478.971
479.324
479.771
480.252
480.576
480.975
481.380
481.650
482.096
482.545
483.238
483.697
484.184
484.631
485.603
486.078
486.932
487.469
487.978
488.985
489.711
490.597
491.268
492.015
493.172
495.066
496.702
498.832
501.708
505.142
511.931
519.363
529.945
549.135
588.517
631.954
655.159
