66.711
324.357
366.693
393.231
402.645
416.450
426.754
433.691
437.041
441.186
445.056
447.116
448.314
449.744
450.882
451.529
452.537
453.283
453.986
454.733
455.061
455.671
455.962
456.503
457.055
457.363
457.884
458.384
458.935
459.366
459.677
460.117
460.527
460.921
461.227
461.674
462.135
462.379
462.714
462.973
463.181
463.409
463.727
464.134
464.462
464.725
465.048
465.318
465.646
465.852
466.121
466.421
466.665
467.103
467.369
467.702
468.029
468.384
468.661
468.897
469.151
469.377
469.858
470.261
470.646
471.046
471.458
471.976
472.421
472.896
473.500
474.165
474.602
475.176
475.740
476.361
476.977
477.469
477.997
479.031
479.814
480.397
481.096
482.325
483.343
484.337
485.285
486.599
488.243
490.084
492.351
494.024
496.813
503.322
510.225
517.291
530.326
548.083
598.871
643.783
