430.123
679.726
843.842
966.841
1448.467
1782.278
1871.617
1898.371
1923.921
1946.206
1967.987
1992.696
2010.919
2026.804
2041.586
2052.594
2061.550
2070.070
2077.135
2083.002
2087.365
2094.748
2099.695
2104.663
2109.695
2114.490
2118.917
2124.061
2128.595
2132.348
2136.357
2140.096
2143.776
2147.101
2150.206
2153.508
2156.384
2159.068
2162.207
2164.818
2167.604
2169.909
2173.264
2175.420
2177.726
2179.911
2182.455
2185.048
2187.370
2189.698
2192.373
2194.960
2197.438
2199.489
2201.630
2203.958
2206.441
2208.484
2210.658
2212.913
2215.576
2218.024
2220.821
2223.611
2226.970
2230.169
2233.063
2235.903
2239.041
2242.791
2245.876
2249.318
2252.716
2256.763
2260.332
2264.310
2267.711
2272.480
2278.430
2284.382
2290.585
2297.702
2308.738
2323.501
2355.891
2489.920
2602.367
2803.615
2976.223
3170.126
3275.889
3437.295
3699.888
3943.254
4048.118
4174.317
4320.438
4615.194
4949.267
5254.780
