41.533
104.954
127.784
157.653
219.563
331.012
398.774
411.244
427.908
434.908
437.635
441.311
443.793
446.385
448.979
450.957
452.020
453.402
455.029
456.240
456.863
458.053
459.009
459.547
460.575
461.129
461.736
462.470
463.008
463.383
463.907
464.485
465.194
465.754
466.430
466.838
467.396
467.931
468.402
468.752
469.178
469.601
470.054
470.535
470.835
471.366
471.653
472.033
472.386
472.888
473.371
473.763
474.225
474.666
475.051
475.640
476.005
476.362
476.817
477.306
477.725
478.282
478.708
479.215
479.780
480.212
480.728
481.163
481.487
481.820
482.230
482.803
483.207
483.823
484.445
484.975
486.029
486.872
487.866
489.060
489.981
490.743
491.491
492.269
493.101
494.173
495.428
497.128
498.993
501.409
504.275
507.018
509.899
512.101
521.045
529.462
559.243
761.865
858.014
902.882
