169.410
299.286
363.663
384.530
398.554
412.017
419.482
423.497
428.379
433.568
438.032
441.738
443.366
445.893
447.239
449.038
450.446
451.129
452.019
452.966
454.060
454.824
455.392
455.939
456.771
457.254
457.971
458.377
458.797
459.149
459.608
460.098
460.423
460.879
461.170
461.646
461.895
462.176
462.420
462.701
463.139
463.652
463.993
464.341
464.635
464.939
465.273
465.827
466.316
466.632
467.026
467.459
467.946
468.393
468.763
469.071
469.457
469.762
470.067
470.657
470.903
471.308
471.856
472.336
472.854
473.450
473.922
474.486
474.993
475.355
475.807
476.263
477.009
477.611
478.089
478.784
479.218
479.755
480.539
481.194
481.797
482.509
483.416
484.022
485.047
486.573
487.488
489.031
490.597
493.466
496.721
500.191
503.600
510.150
518.760
528.423
540.921
566.335
595.122
658.034
