631.859
936.965
1031.115
1192.794
1558.793
2090.731
2111.183
2121.654
2129.033
2134.326
2139.894
2145.168
2150.299
2156.166
2161.496
2167.065
2173.604
2179.438
2185.733
2192.229
2199.801
2205.578
2212.607
2219.699
2226.056
2231.076
2236.511
2242.858
2251.694
2278.233
2478.796
2503.951
2526.951
2566.645
2602.538
2822.683
2868.067
2929.911
3041.695
3136.733
3160.946
3187.423
3205.527
3223.932
3242.435
3310.302
3398.074
3465.688
3532.420
3589.472
3731.331
3855.863
3904.738
3940.614
3977.007
4038.204
4116.423
4260.175
4371.188
4468.895
4585.596
4653.251
4734.149
4822.477
4931.351
5017.798
5116.375
5232.845
5318.345
5394.269
5513.585
5609.452
5710.990
5804.911
5931.471
6066.736
6204.225
6335.644
6487.241
6656.855
6869.246
7031.798
7201.084
7412.907
7593.319
7772.877
7954.175
8148.827
8386.424
8619.499
8862.151
9124.733
9402.628
9779.337
10140.371
10587.736
11291.384
12074.682
13116.314
14998.677
