358.027
1529.498
2589.481
3327.798
3512.173
3573.991
3615.662
3643.562
3677.348
3710.144
3739.563
3763.052
3792.752
3814.698
3835.025
3851.432
3867.843
3884.388
3900.639
3914.627
3929.380
3945.145
3958.319
3970.528
3987.325
4005.030
4025.302
4041.374
4058.350
4076.052
4093.798
4109.986
4121.983
4135.754
4148.645
4160.694
4171.132
4183.733
4198.714
4219.537
4244.789
4273.200
4310.984
4373.666
4427.525
4469.536
4504.300
4535.081
4557.765
4574.154
4592.810
4611.448
4625.495
4638.513
4650.073
4661.442
4672.604
4682.809
4694.118
4706.351
4719.092
4729.677
4740.944
4752.890
4769.279
4784.999
4802.952
4815.480
4826.240
4838.286
4850.446
4861.181
4873.133
4883.767
4894.022
4905.225
4917.123
4928.655
4941.727
4954.622
4965.730
4978.910
4995.502
5014.331
5038.193
5079.442
5160.714
5265.286
5369.532
5490.173
5590.030
5672.603
5738.522
5799.712
5874.935
5976.981
6412.168
6802.893
7161.524
7738.688
