361.073
582.638
651.425
729.834
892.870
1653.085
1858.719
1895.074
1917.990
1932.650
1945.639
1957.386
1968.698
1979.920
1989.925
1999.714
2010.497
2024.968
2038.320
2049.261
2059.026
2066.391
2073.370
2079.223
2087.434
2093.744
2099.783
2105.463
2110.971
2115.557
2121.221
2127.215
2131.751
2135.431
2139.263
2142.635
2147.339
2150.654
2154.788
2158.489
2161.625
2164.748
2168.290
2171.434
2173.982
2177.381
2180.227
2183.194
2186.227
2189.322
2192.285
2195.436
2198.565
2201.951
2205.238
2208.075
2212.061
2215.706
2218.945
2221.502
2224.732
2228.692
2231.789
2234.423
2237.889
2241.687
2245.295
2248.257
2251.601
2254.998
2258.014
2260.868
2264.580
2268.794
2272.263
2275.911
2280.187
2284.906
2289.521
2294.061
2299.242
2305.368
2313.154
2324.356
2340.729
2539.180
2631.560
2835.866
3038.118
3184.653
3305.163
3516.714
3759.981
4002.543
4176.596
4353.144
4526.366
4796.299
5029.835
5469.118
