844.894
1429.738
1770.431
2077.655
2110.284
2125.960
2135.059
2141.502
2146.649
2151.111
2154.863
2158.513
2162.147
2165.253
2168.559
2171.295
2174.260
2176.909
2179.589
2182.717
2185.777
2189.195
2192.739
2196.361
2200.211
2205.919
2216.358
2282.650
2494.613
2515.684
2531.566
2544.728
2559.266
2635.586
2856.652
2883.802
2904.620
2936.861
3099.419
3146.340
3163.106
3177.745
3190.509
3211.886
3250.317
3326.845
3431.160
3499.587
3543.850
3617.373
3760.985
3863.004
3908.989
3940.856
3967.729
4003.052
4078.634
4242.398
4328.179
4433.917
4548.305
4637.584
4702.895
4776.619
4897.735
4991.803
5082.914
5213.389
5284.494
5389.452
5476.401
5586.575
5694.161
5788.240
5901.645
6036.786
6149.120
6252.201
6394.760
6516.403
6682.477
6874.817
7062.408
7249.689
7470.271
7631.584
7837.615
8022.542
8249.680
8505.773
8759.951
9052.179
9391.723
9747.408
10151.016
10617.008
11305.600
12066.122
13130.109
14990.670
