357.892
946.710
1423.421
1793.445
1823.947
1840.934
1860.060
1893.111
1931.894
1959.465
1978.067
1992.133
2005.500
2019.111
2029.671
2039.929
2046.742
2057.048
2065.089
2070.532
2077.713
2083.450
2088.878
2092.797
2097.082
2100.284
2103.537
2106.469
2109.775
2113.075
2116.038
2119.405
2122.790
2126.497
2130.478
2134.259
2138.480
2143.109
2147.939
2152.305
2157.918
2163.908
2170.438
2175.982
2180.898
2185.420
2189.417
2193.364
2196.542
2199.760
2202.595
2205.335
2208.528
2211.232
2213.597
2215.798
2217.732
2220.260
2222.826
2224.808
2227.312
2229.629
2231.895
2234.103
2236.117
2238.090
2240.114
2241.951
2244.181
2246.666
2249.028
2251.576
2254.212
2257.133
2260.608
2264.577
2269.711
2276.106
2281.760
2287.672
2293.294
2299.597
2307.965
2321.142
2449.789
2565.284
2629.337
2782.819
2964.894
3066.793
3200.136
3286.081
3446.162
3556.350
3732.094
3954.228
4128.476
4437.632
4758.583
5262.336
