131.975
280.430
360.900
390.352
405.810
416.714
427.358
431.603
437.029
439.477
441.670
443.519
445.393
446.890
447.890
449.352
450.468
451.218
452.278
452.761
453.307
453.941
454.583
455.290
455.796
456.468
456.975
457.450
458.120
458.669
459.109
459.573
459.964
460.294
460.642
460.955
461.248
461.550
461.993
462.279
462.676
463.013
463.297
463.693
464.013
464.430
464.816
465.386
465.755
466.079
466.473
466.765
467.376
467.660
467.998
468.309
468.636
469.027
469.615
470.053
470.529
471.099
471.522
472.050
472.876
473.173
473.871
474.278
474.893
475.462
476.003
476.694
477.003
477.358
477.604
478.280
479.109
479.707
480.205
480.978
481.456
482.158
482.939
483.957
484.705
485.486
486.349
487.167
487.782
488.779
489.674
490.947
492.148
494.366
497.282
500.029
505.753
515.788
554.913
611.969
