14.335
14.556
14.630
14.702
14.786
14.975
15.384
15.837
16.304
16.723
17.068
17.583
18.177
18.808
19.225
19.819
20.499
21.341
22.256
23.403
24.422
26.074
28.424
32.614
40.305
55.647
85.762
149.753
207.829
273.473
326.083
388.363
452.912
514.839
577.584
629.817
689.934
753.014
806.512
857.272
910.230
959.107
1011.261
1012.110
1012.971
1013.705
1014.318
1014.925
1015.616
1016.524
1017.760
1019.325
1021.403
1024.986
1035.914
1085.682
1144.247
1228.422
1308.535
1435.368
1649.675
2045.556
3015.960
3017.064
3017.896
3018.680
3019.552
3020.811
3022.879
3026.907
3054.011
3464.169
3994.643
7023.067
7024.785
7026.655
7028.722
7030.677
7034.331
7042.335
7425.380
15032.714
15039.305
15043.568
15047.965
15055.969
15320.509
15743.275
16057.927
31055.027
31072.355
31084.013
31105.309
31675.735
63128.482
63168.348
64035.896
127218.214
127246.862
127280.835
