336.328
583.798
663.929
750.302
911.680
1587.911
1748.109
1786.082
1809.228
1833.050
1863.713
1901.189
1922.207
1938.750
1961.236
2001.644
2016.745
2025.902
2032.700
2038.968
2045.442
2049.639
2054.382
2059.268
2063.092
2067.644
2072.898
2077.030
2082.800
2087.575
2093.029
2099.233
2107.135
2116.140
2124.281
2132.887
2140.280
2146.766
2154.498
2162.239
2173.846
2183.176
2189.519
2194.812
2199.680
2203.838
2208.104
2211.197
2214.505
2217.968
2221.645
2225.537
2228.935
2231.998
2235.363
2238.367
2241.258
2244.736
2248.202
2251.347
2254.248
2257.161
2259.362
2261.694
2263.682
2265.573
2267.751
2269.666
2271.945
2273.950
2275.905
2278.133
2280.495
2282.666
2284.863
2286.538
2288.870
2291.349
2293.436
2296.423
2300.181
2303.791
2308.159
2313.497
2323.808
2380.030
2621.813
2670.348
2981.090
3091.829
3293.033
3510.792
3815.572
4114.588
4223.511
4350.330
4573.386
4852.313
5060.937
5620.511
