427.607
1144.871
1554.895
2014.963
2091.771
2110.394
2119.534
2124.475
2128.494
2131.863
2134.831
2137.538
2140.456
2142.972
2145.470
2148.194
2151.165
2154.252
2157.395
2161.169
2165.783
2171.021
2176.705
2183.573
2193.330
2206.838
2233.184
2470.371
2488.508
2498.447
2509.517
2526.107
2566.363
2808.268
2844.082
2863.957
2894.735
2988.888
3126.250
3141.465
3160.139
3183.482
3205.715
3234.695
3303.314
3398.871
3459.756
3522.577
3587.551
3743.884
3850.632
3893.225
3924.229
3950.821
4001.528
4143.943
4245.013
4308.624
4416.413
4521.882
4594.790
4639.840
4707.867
4815.525
4935.288
5017.428
5109.873
5217.251
5308.547
5395.539
5497.757
5614.073
5711.278
5830.408
5953.375
6078.166
6208.581
6332.212
6451.878
6637.937
6787.368
6970.716
7146.511
7330.269
7516.155
7669.122
7846.832
8065.920
8299.975
8521.420
8748.196
9042.579
9366.412
9728.451
10102.148
10559.580
11115.396
11878.717
12783.162
14580.649
