832.486
1419.089
2070.702
2106.115
2117.147
2124.857
2129.987
2134.608
2138.558
2142.779
2146.133
2149.557
2152.898
2156.471
2160.458
2164.671
2169.294
2173.521
2177.967
2182.685
2188.215
2193.803
2199.549
2206.219
2213.629
2221.433
2233.368
2422.780
2485.693
2503.006
2520.056
2541.544
2571.494
2799.974
2847.797
2874.029
2909.572
2967.989
3108.001
3140.728
3157.809
3176.677
3196.663
3217.567
3251.930
3371.890
3443.849
3502.377
3557.857
3643.076
3808.624
3879.174
3915.851
3944.716
3977.330
4038.134
4166.636
4264.867
4356.587
4467.387
4579.843
4634.152
4694.871
4780.802
4912.434
4998.839
5092.069
5199.305
5284.969
5385.522
5487.859
5604.307
5696.425
5801.100
5921.230
6042.339
6168.080
6277.712
6411.487
6529.089
6681.613
6851.897
7051.431
7254.889
7480.379
7660.795
7849.960
8090.080
8318.080
8580.436
8861.534
9180.914
9513.396
9871.993
10294.710
10786.248
11360.534
12093.439
13096.819
15008.838
