368.288
902.596
1737.969
1824.331
1854.587
1882.074
1902.502
1922.583
1937.199
1951.212
1964.398
1977.127
1986.941
1994.836
2002.491
2008.584
2015.306
2021.051
2027.836
2033.756
2038.770
2043.641
2049.918
2055.828
2060.909
2064.762
2068.668
2072.451
2076.036
2079.737
2084.529
2088.681
2092.422
2096.842
2101.508
2106.318
2112.772
2119.525
2127.285
2133.931
2141.019
2146.288
2149.544
2152.951
2156.260
2159.745
2163.323
2167.352
2170.082
2173.148
2176.141
2179.274
2181.910
2184.933
2187.576
2190.212
2192.923
2195.657
2198.306
2200.695
2203.957
2206.447
2209.246
2212.003
2215.060
2218.614
2221.971
2225.571
2228.992
2232.865
2236.781
2241.694
2246.715
2251.850
2256.789
2262.323
2268.285
2276.765
2282.884
2291.786
2301.502
2315.170
2330.662
2400.603
2547.881
2662.444
2872.477
2990.816
3058.126
3126.378
3204.248
3275.973
3430.173
3730.166
3930.082
4055.580
4292.476
4584.167
4778.190
5262.095
