161.946
274.346
354.617
405.174
426.678
438.138
443.426
447.059
449.673
450.977
451.945
453.232
454.423
455.356
456.705
457.543
458.510
459.320
460.101
460.847
461.383
462.088
462.697
463.247
463.647
464.025
464.579
465.017
465.322
465.910
466.321
466.786
467.219
467.593
468.222
468.844
469.202
469.521
469.859
470.162
470.488
470.895
471.286
471.583
471.844
472.157
472.449
472.673
473.125
473.324
473.723
474.004
474.516
474.834
475.047
475.240
475.472
475.833
476.023
476.407
476.757
477.156
477.609
478.038
478.376
478.813
479.110
479.453
479.806
480.259
480.638
481.172
481.555
481.969
482.482
483.018
483.441
483.981
484.445
484.870
485.605
486.090
486.451
486.931
487.671
488.251
489.072
489.748
490.389
491.689
492.526
493.879
494.725
496.457
500.263
504.411
510.807
521.226
604.871
681.030
