14.303
14.538
14.612
14.677
14.758
14.921
15.313
15.741
16.196
16.579
16.934
17.266
17.779
18.305
18.898
19.406
20.099
20.879
21.749
22.765
23.987
25.376
27.402
30.305
35.594
45.506
63.046
106.302
159.243
220.760
279.286
339.904
416.039
474.691
510.966
560.312
618.580
679.316
731.445
792.363
847.397
931.671
1005.322
1011.916
1012.646
1013.403
1014.046
1014.663
1015.255
1016.034
1016.962
1018.094
1019.559
1021.533
1024.465
1032.371
1070.370
1153.514
1299.177
1510.034
1974.686
3015.931
3016.979
3017.832
3018.652
3019.425
3020.593
3022.741
3025.173
3029.890
3050.009
3591.707
7021.947
7024.293
7025.964
7027.803
7029.960
7032.498
7038.554
7227.407
7617.268
7969.406
15038.414
15042.121
15046.143
15051.320
15175.766
15515.792
15871.750
31062.382
31072.908
31083.359
31099.821
31617.679
63131.913
63176.200
127167.166
127216.848
127249.127
127281.207
