42.457
119.685
143.567
183.177
225.801
317.755
375.381
405.368
425.057
433.619
437.170
440.479
443.221
445.798
447.770
449.831
451.599
452.771
454.607
455.475
456.496
457.366
458.167
458.685
459.439
460.135
460.887
461.626
462.324
462.979
463.504
463.995
464.489
465.125
465.697
466.165
466.709
467.314
467.890
468.408
469.084
469.783
470.351
470.882
471.253
471.604
472.089
472.549
472.927
473.421
473.923
474.315
474.595
474.917
475.412
475.869
476.189
476.506
476.858
477.238
477.873
478.314
478.550
479.230
479.772
480.254
480.948
481.539
482.128
482.531
483.200
483.765
484.195
484.875
485.718
486.686
487.169
488.150
488.753
489.428
490.297
491.042
491.813
492.533
493.137
494.459
495.329
496.409
497.822
499.443
501.354
505.663
510.563
528.150
542.119
554.050
603.154
724.738
854.726
882.205
