647.473
1471.538
1860.832
2100.888
2127.543
2140.107
2149.145
2157.027
2163.608
2169.212
2174.805
2179.663
2184.687
2189.337
2194.085
2198.336
2202.300
2206.105
2210.738
2214.740
2218.630
2222.584
2226.103
2229.963
2233.895
2238.380
2244.005
2253.157
2271.910
2496.537
2530.051
2554.953
2575.213
2595.202
2634.830
2860.487
2918.615
2954.906
3040.668
3146.064
3174.963
3196.323
3210.757
3223.390
3238.713
3285.421
3373.261
3446.789
3509.789
3566.171
3628.642
3797.313
3904.675
3943.953
3976.546
4020.522
4071.621
4210.410
4326.370
4428.163
4552.142
4639.283
4722.143
4792.370
4895.947
5003.381
5102.797
5238.760
5318.507
5390.321
5489.308
5587.109
5693.518
5787.723
5902.339
6036.120
6164.412
6267.650
6367.589
6505.506
6646.143
6841.042
7055.841
7249.387
7461.654
7652.376
7815.281
8021.215
8252.803
8437.958
8666.474
8915.742
9213.890
9546.200
9941.424
10461.518
11001.855
11840.038
13039.416
15507.913
