29.551
106.779
147.657
201.654
261.039
379.754
426.593
439.957
443.228
446.766
449.450
451.030
453.393
454.308
456.036
457.111
458.044
458.769
459.831
460.450
461.096
461.596
462.023
462.530
462.997
463.452
463.948
464.291
464.778
465.176
465.712
466.028
466.589
467.069
467.535
468.079
468.410
468.735
469.164
469.510
469.834
470.210
470.521
470.802
471.285
471.612
471.834
472.200
472.665
472.922
473.270
473.617
474.093
474.495
474.785
475.077
475.482
475.955
476.414
476.749
477.166
477.405
477.943
478.244
478.555
478.815
479.105
479.602
480.167
480.556
480.999
481.558
482.006
482.472
482.895
483.576
484.105
484.677
485.194
485.686
486.143
486.975
487.688
488.818
489.338
490.381
491.087
492.250
493.381
494.798
497.054
499.324
503.122
508.117
515.852
535.115
579.611
759.420
896.536
924.100
