14.366
14.511
14.580
14.650
14.733
14.941
15.407
15.871
16.265
16.626
16.962
17.404
17.873
18.360
18.853
19.312
19.820
20.454
21.155
21.908
22.682
23.638
24.696
25.946
27.522
29.604
32.248
35.998
42.898
54.291
74.720
97.306
128.492
181.998
236.773
295.527
376.209
466.787
528.097
608.204
727.782
841.633
907.967
1002.275
1011.971
1012.867
1013.644
1014.256
1014.850
1015.612
1016.403
1017.324
1018.697
1020.200
1022.502
1024.847
1029.786
1045.290
1091.362
1225.474
1553.215
1985.020
3015.247
3016.537
3017.677
3018.484
3019.346
3020.615
3022.203
3024.238
3027.247
3034.247
3190.924
3866.400
7022.572
7024.779
7026.996
7029.105
7031.474
7035.016
7043.025
7134.386
7591.653
15036.058
15040.968
15045.176
15050.413
15074.555
15400.344
16049.002
31068.857
31080.751
31095.247
31350.750
63124.797
63156.663
127167.508
127221.457
127253.595
127287.950
