306.080
1404.762
2517.342
3167.882
3553.762
3784.680
3832.192
3865.436
3895.883
3926.857
3953.377
3973.117
3994.636
4013.015
4032.634
4051.022
4067.748
4086.192
4103.104
4121.752
4136.596
4151.103
4163.628
4173.708
4183.198
4192.073
4202.065
4210.637
4219.566
4227.899
4236.559
4243.961
4250.554
4256.691
4262.792
4269.622
4275.568
4282.334
4288.506
4295.285
4302.754
4310.606
4319.350
4327.796
4336.198
4347.621
4360.034
4373.233
4385.563
4398.973
4412.292
4424.431
4435.156
4444.676
4455.475
4465.906
4476.175
4485.551
4498.266
4507.815
4519.070
4529.867
4539.989
4550.612
4560.668
4569.576
4580.191
4592.855
4607.470
4622.107
4638.168
4660.265
4685.599
4710.538
4739.672
4766.720
4799.978
4830.613
4856.743
4885.196
4913.695
4938.112
4962.739
4987.671
5017.543
5072.934
5129.899
5171.633
5210.923
5257.920
5320.849
5376.639
5449.625
5530.977
5645.184
5791.143
5962.050
6137.720
6679.384
7259.323
