329.337
750.697
1101.371
1633.085
1796.503
1833.378
1847.286
1860.115
1870.607
1882.321
1893.564
1905.177
1914.826
1924.146
1936.131
1947.512
1957.392
1966.874
1981.119
1995.208
2016.083
2032.993
2049.033
2066.026
2076.710
2083.973
2090.549
2098.127
2104.328
2108.589
2114.733
2121.276
2126.877
2132.688
2139.428
2146.148
2154.616
2164.570
2174.508
2183.819
2191.692
2197.467
2202.343
2207.415
2210.788
2214.459
2218.036
2220.890
2223.586
2226.530
2228.731
2231.682
2233.776
2235.942
2238.110
2240.083
2242.001
2243.707
2245.538
2247.410
2249.554
2251.588
2253.990
2256.209
2258.473
2260.669
2262.692
2265.009
2267.347
2269.631
2271.814
2274.214
2276.910
2279.681
2282.088
2284.934
2288.147
2291.658
2294.911
2299.414
2303.695
2308.881
2313.233
2319.527
2335.283
2512.417
2605.552
2674.974
2929.084
3052.900
3238.195
3351.442
3506.933
3622.053
3816.622
4065.586
4303.165
4617.931
4816.464
5372.470
