164.270
352.722
395.694
408.632
418.355
423.540
429.981
434.655
438.614
442.171
444.321
445.723
448.094
449.647
450.973
451.689
453.118
454.235
455.482
456.198
456.631
457.146
457.588
457.984
458.464
458.947
459.274
459.549
459.915
460.234
460.572
460.837
461.240
461.592
461.918
462.230
462.419
462.711
463.160
463.400
463.617
463.955
464.090
464.384
464.664
464.927
465.274
465.545
465.809
466.028
466.432
466.890
467.150
467.425
467.669
467.879
468.160
468.436
468.752
468.965
469.215
469.478
469.713
470.115
470.502
470.771
471.177
471.591
471.983
472.416
472.891
473.283
473.648
474.242
474.619
475.061
475.651
476.102
476.845
477.415
478.134
478.639
479.146
479.629
480.251
481.148
482.130
483.152
484.415
486.099
488.187
489.776
492.727
495.020
501.308
508.701
516.807
542.116
578.454
641.117
