197.850
820.653
1239.443
1756.583
2069.759
2091.492
2104.088
2119.955
2132.706
2145.632
2156.382
2165.813
2175.591
2184.712
2193.705
2202.395
2211.242
2218.595
2225.302
2230.813
2236.540
2241.025
2246.988
2251.341
2255.408
2259.281
2263.686
2267.338
2270.901
2274.547
2277.741
2280.816
2284.254
2287.240
2290.684
2293.766
2296.772
2299.192
2302.282
2304.875
2307.391
2310.122
2312.833
2315.674
2318.566
2320.973
2323.045
2325.686
2328.509
2331.508
2334.080
2336.671
2339.061
2341.783
2344.543
2346.922
2349.510
2352.602
2355.474
2358.229
2360.987
2363.783
2366.374
2369.059
2371.813
2374.678
2377.326
2380.337
2383.344
2386.809
2390.587
2394.373
2398.301
2401.815
2405.024
2408.637
2412.816
2418.107
2421.972
2427.287
2432.582
2438.264
2443.578
2449.726
2457.842
2463.487
2470.363
2477.996
2486.051
2495.329
2504.948
2513.181
2521.177
2528.741
2539.434
2550.553
2567.291
2584.579
2613.199
2686.606
