548.211
979.234
1374.240
1799.883
1874.665
1893.870
1910.014
1922.553
1943.490
1960.294
1974.884
1985.008
1999.138
2011.779
2019.511
2027.578
2035.099
2040.690
2048.121
2054.954
2062.628
2069.925
2077.548
2083.825
2089.853
2095.328
2100.415
2105.951
2110.981
2116.304
2120.313
2124.999
2129.610
2133.743
2137.817
2142.222
2146.221
2150.339
2154.077
2157.799
2161.314
2165.445
2168.445
2172.008
2175.548
2179.253
2182.851
2185.973
2189.170
2192.453
2196.351
2199.388
2202.337
2205.862
2209.286
2212.425
2215.567
2218.778
2221.411
2224.858
2227.735
2231.737
2235.404
2239.448
2243.554
2247.180
2250.987
2255.296
2258.627
2261.569
2265.861
2269.002
2272.304
2275.116
2278.095
2281.483
2284.720
2288.582
2292.003
2295.926
2300.555
2305.056
2311.168
2318.286
2333.037
2455.586
2565.600
2644.936
2891.234
3025.405
3184.663
3323.955
3502.005
3610.871
3776.168
4040.968
4224.047
4618.895
4866.771
5410.994
