197.659
814.364
1286.760
1748.992
1802.372
1834.476
1873.557
1898.374
1915.108
1927.509
1939.225
1949.781
1960.021
1968.877
1976.264
1983.374
1990.321
1997.670
2005.730
2012.086
2019.442
2026.902
2033.244
2040.389
2047.179
2054.618
2061.519
2069.585
2080.197
2091.065
2101.777
2111.707
2122.061
2132.648
2143.212
2156.580
2174.843
2204.884
2223.771
2240.887
2253.928
2264.439
2274.987
2284.025
2292.939
2302.021
2310.440
2318.094
2325.770
2333.024
2341.348
2349.521
2357.837
2365.616
2373.484
2381.005
2389.982
2399.047
2407.993
2418.658
2427.223
2438.532
2450.720
2463.838
2478.256
2492.441
2507.892
2521.610
2535.469
2544.901
2554.955
2564.745
2575.394
2584.137
2593.195
2601.364
2607.597
2613.921
2620.093
2625.522
2630.397
2635.721
2641.365
2647.550
2653.892
2660.595
2668.313
2677.274
2684.990
2693.001
2700.502
2709.477
2720.596
2730.403
2739.872
2747.907
2759.038
2777.337
2810.214
2848.925
