433.196
934.514
1346.991
1791.387
1832.763
1866.956
1902.718
1932.373
1958.984
1978.964
1992.233
2003.766
2015.986
2026.360
2033.253
2039.287
2045.550
2050.371
2054.981
2060.399
2065.426
2069.559
2073.207
2077.995
2081.697
2085.273
2090.410
2094.878
2099.559
2104.354
2108.766
2113.235
2117.552
2121.370
2124.698
2128.545
2132.218
2137.117
2141.493
2147.277
2157.933
2168.515
2178.471
2185.893
2192.788
2197.732
2202.341
2206.281
2210.557
2213.710
2217.253
2220.317
2223.702
2226.825
2230.275
2234.189
2237.383
2240.488
2243.946
2246.960
2249.391
2252.505
2255.027
2257.534
2260.353
2262.681
2265.399
2267.690
2270.414
2272.864
2275.541
2278.086
2280.592
2283.623
2286.364
2289.834
2293.178
2296.410
2299.174
2301.951
2305.223
2308.577
2311.870
2315.616
2320.881
2329.422
2504.577
2620.365
2686.547
2949.861
3084.382
3266.572
3444.981
3587.656
3752.838
4046.406
4230.097
4656.449
4921.017
5412.557
