313.918
1076.740
1686.810
1736.182
1754.003
1774.720
1792.367
1802.844
1815.009
1825.108
1836.015
1846.809
1855.888
1868.180
1881.256
1896.098
1907.125
1917.394
1928.674
1938.134
1947.695
1957.400
1972.348
1984.451
1993.987
2000.349
2010.045
2016.241
2022.435
2028.191
2032.909
2037.934
2041.981
2047.053
2052.611
2058.367
2064.862
2071.839
2077.711
2084.731
2091.561
2098.762
2105.473
2111.261
2119.128
2127.724
2136.250
2145.046
2152.932
2160.096
2165.769
2171.061
2177.231
2182.064
2186.527
2190.953
2195.259
2199.265
2203.294
2206.966
2210.515
2215.133
2220.229
2225.347
2231.093
2236.942
2242.784
2249.111
2254.985
2261.054
2265.602
2269.348
2273.124
2276.857
2281.225
2285.982
2291.242
2294.937
2300.975
2307.438
2313.881
2332.792
2513.962
2618.850
2676.279
2829.487
2951.022
3031.833
3122.795
3208.799
3278.882
3409.695
3649.301
3873.181
4000.362
4169.764
4437.115
4655.183
4927.805
5444.845
