304.912
497.419
558.512
611.116
671.594
902.990
1744.870
1800.968
1829.422
1854.082
1887.193
1907.171
1923.112
1935.910
1946.830
1958.952
1969.212
1976.662
1984.430
1992.397
1999.515
2005.876
2011.813
2016.905
2022.047
2028.124
2034.271
2038.678
2042.851
2047.725
2053.366
2057.725
2062.851
2066.849
2071.062
2075.046
2080.326
2083.822
2087.704
2091.725
2096.644
2100.011
2104.231
2107.780
2111.861
2114.899
2118.617
2122.567
2126.254
2129.052
2132.894
2136.389
2139.727
2143.178
2146.528
2149.340
2152.811
2156.275
2159.896
2163.816
2168.158
2170.832
2173.591
2176.890
2180.215
2183.728
2186.550
2189.739
2193.044
2197.006
2201.338
2205.715
2209.198
2214.026
2219.910
2228.968
2238.641
2250.492
2270.983
2300.581
2421.697
2529.494
2612.569
2805.404
2963.822
3042.177
3124.764
3193.020
3293.547
3497.418
3678.187
3840.833
3963.355
4163.214
4311.381
4388.411
4467.491
4604.880
5142.992
5459.857
