1575.969
2116.257
2131.522
2141.720
2148.206
2153.833
2158.398
2163.024
2167.581
2172.818
2177.638
2183.087
2188.271
2192.523
2197.348
2202.242
2207.003
2211.593
2216.108
2220.496
2225.183
2230.329
2235.750
2240.906
2246.929
2255.470
2266.473
2423.839
2504.457
2530.030
2554.304
2580.346
2606.899
2743.016
2868.573
2918.942
2970.526
3125.451
3158.899
3180.153
3198.007
3216.257
3233.244
3252.685
3300.801
3392.253
3459.392
3511.905
3564.050
3616.615
3767.000
3879.623
3931.815
3967.439
4004.437
4046.666
4133.175
4261.406
4350.588
4441.922
4554.938
4642.482
4711.057
4800.214
4916.086
5000.725
5093.685
5213.373
5297.212
5367.787
5450.500
5520.011
5611.452
5714.924
5808.337
5922.263
6047.218
6185.885
6285.458
6420.353
6554.413
6717.216
6927.577
7121.172
7340.728
7552.576
7724.802
7925.938
8129.195
8382.166
8647.662
8927.370
9288.919
9650.856
10080.374
10570.659
11123.812
11981.071
13137.072
15052.812
