52.358
255.876
327.635
356.740
379.956
394.863
404.574
412.994
419.857
424.469
428.594
431.375
434.448
436.791
439.893
441.519
443.066
445.000
446.459
447.886
448.708
450.245
451.089
452.132
453.032
453.712
454.359
454.869
455.413
456.106
456.608
457.043
457.545
458.193
458.703
459.495
460.157
460.675
461.460
462.043
462.575
463.125
463.866
464.337
464.930
465.380
465.905
466.466
467.193
467.632
468.327
468.959
469.356
469.882
470.651
471.346
471.754
472.263
472.645
472.977
473.278
473.781
474.233
474.932
475.676
476.280
476.976
477.577
478.212
478.942
479.517
480.084
480.707
481.289
481.998
482.796
483.617
484.228
484.956
485.731
486.566
487.841
489.104
490.646
491.944
493.936
495.127
496.809
498.729
500.567
503.175
505.773
508.351
513.964
521.194
531.328
543.144
579.060
624.062
660.644
