159.384
850.369
1185.365
1475.024
2059.764
2097.654
2108.513
2115.118
2119.291
2123.126
2126.232
2129.304
2131.961
2134.656
2137.061
2139.669
2142.079
2144.688
2147.309
2149.637
2153.075
2156.976
2161.123
2166.166
2173.243
2184.090
2202.289
2239.144
2464.329
2479.836
2489.327
2499.982
2514.249
2544.796
2805.924
2836.942
2853.748
2879.622
3098.522
3125.397
3140.739
3156.483
3180.533
3203.727
3231.646
3366.741
3425.492
3489.719
3546.654
3613.033
3789.733
3860.760
3892.218
3917.235
3946.854
4017.276
4173.697
4258.196
4359.166
4466.637
4570.786
4614.869
4664.759
4789.259
4906.962
4985.951
5081.695
5192.635
5268.363
5372.192
5498.243
5589.304
5676.750
5779.994
5919.110
6055.453
6214.563
6356.736
6487.503
6663.537
6863.998
7076.525
7274.027
7471.166
7631.441
7801.223
8001.665
8185.347
8447.344
8661.842
8968.032
9270.634
9599.729
9913.951
10304.791
10821.453
11433.535
12151.107
13271.381
15137.376
