141.638
776.112
1244.468
1731.598
1790.784
1818.960
1839.271
1851.160
1862.024
1872.591
1884.932
1897.591
1909.386
1920.061
1930.453
1938.284
1945.122
1951.382
1957.102
1961.463
1967.162
1972.472
1978.444
1985.528
1993.797
2001.286
2008.682
2018.339
2028.196
2037.013
2046.688
2057.246
2066.448
2077.031
2088.795
2098.287
2110.262
2120.683
2130.605
2139.405
2147.688
2154.007
2163.080
2170.624
2176.992
2184.653
2195.422
2206.692
2218.762
2235.266
2256.642
2286.685
2352.575
2394.226
2421.450
2442.277
2458.304
2472.547
2484.203
2494.706
2505.887
2517.243
2526.647
2537.247
2546.773
2557.738
2573.856
2588.058
2602.644
2615.745
2625.524
2635.885
2642.692
2650.125
2657.025
2664.357
2672.105
2678.823
2684.311
2691.197
2696.734
2702.245
2709.192
2715.195
2721.561
2728.539
2735.290
2741.195
2748.533
2755.427
2763.588
2771.807
2779.619
2791.110
2802.707
2814.583
2826.408
2839.040
2860.072
2891.759
