378.756
619.140
758.422
1031.874
1569.727
1723.180
1762.931
1805.405
1837.079
1859.642
1874.374
1893.969
1906.433
1918.335
1928.817
1937.881
1945.730
1954.845
1966.972
1979.381
1989.725
1999.518
2006.512
2012.360
2017.933
2023.903
2029.213
2032.710
2037.025
2040.725
2044.386
2048.036
2052.325
2055.302
2058.597
2061.128
2064.213
2067.928
2071.067
2074.389
2077.166
2080.136
2082.684
2085.811
2088.708
2091.954
2094.410
2097.077
2099.643
2103.077
2107.135
2110.769
2114.084
2117.731
2120.886
2124.592
2128.642
2133.145
2138.341
2142.335
2146.443
2150.981
2156.386
2163.567
2169.146
2176.561
2184.265
2191.870
2202.504
2217.775
2236.957
2253.075
2262.977
2271.467
2277.503
2286.048
2296.253
2308.415
2322.830
2349.226
2410.220
2496.506
2672.983
2828.944
2951.380
3035.190
3088.340
3180.266
3344.067
3545.296
3655.963
3757.997
3835.533
3940.875
4107.830
4235.775
4444.079
4699.877
4847.417
5266.184
