412.629
827.692
1104.206
1256.108
1663.722
2073.957
2105.717
2116.377
2122.169
2126.780
2130.548
2133.832
2136.797
2139.481
2142.320
2145.162
2148.234
2150.867
2153.900
2157.316
2160.440
2164.084
2167.909
2172.649
2178.368
2186.938
2198.261
2330.569
2475.932
2493.295
2505.396
2518.430
2541.008
2793.520
2842.442
2865.604
2896.517
3106.216
3134.046
3147.198
3160.860
3182.740
3211.180
3270.516
3386.821
3433.977
3487.774
3547.964
3635.731
3783.367
3861.273
3899.885
3926.402
3958.550
4013.192
4167.232
4263.294
4352.735
4464.646
4576.753
4624.661
4659.061
4720.790
4858.873
4955.986
5043.077
5140.720
5230.958
5321.637
5406.959
5524.932
5629.043
5707.810
5832.719
5964.788
6084.496
6219.331
6354.826
6483.625
6643.123
6821.304
7005.308
7184.154
7382.719
7551.180
7698.260
7901.829
8118.385
8339.424
8547.658
8818.101
9090.079
9355.859
9682.515
10087.757
10603.523
11192.386
11868.326
12789.756
14679.224
