14.207
14.558
14.630
14.721
14.905
15.345
15.902
16.469
16.952
17.502
18.159
18.816
19.382
20.092
20.834
21.819
22.895
24.108
25.710
27.637
29.578
32.172
35.380
39.596
45.567
54.100
66.747
84.588
113.127
150.921
190.571
249.981
306.176
371.565
444.737
503.720
561.144
606.954
644.588
693.146
735.041
779.750
851.902
929.013
988.505
1011.986
1012.937
1013.808
1014.633
1015.337
1016.348
1017.660
1019.538
1021.791
1025.106
1030.075
1040.077
1062.816
1115.599
1187.656
1290.579
1434.128
1679.364
3015.068
3016.456
3017.686
3018.647
3019.787
3021.705
3024.273
3029.078
3037.886
3080.433
3421.654
7019.120
7023.837
7026.019
7028.653
7031.349
7036.816
7064.445
7386.077
8473.124
15038.997
15042.868
15048.046
15059.820
15471.839
31055.619
31071.847
31087.441
31221.119
41229.029
63149.716
63324.967
127165.099
127213.496
127233.957
127264.491
127286.503
