14.385
14.649
14.876
15.773
16.781
17.942
19.125
20.282
21.657
23.229
24.752
26.582
28.343
30.082
32.170
34.673
37.179
40.952
44.757
49.318
53.780
59.003
66.709
75.941
84.144
97.866
110.177
124.554
136.508
154.364
171.699
207.646
238.573
277.184
296.807
315.800
349.749
432.922
501.629
575.829
616.215
704.382
783.067
840.330
894.499
1011.286
1013.150
1014.995
1016.820
1019.627
1022.701
1026.299
1030.937
1039.125
1049.417
1066.692
1093.948
1135.866
1176.087
1233.804
1286.440
1345.326
1429.055
1528.216
1625.106
1766.567
2046.040
3015.730
3018.126
3019.970
3022.944
3027.303
3034.150
3049.737
3120.454
3304.999
3906.172
7023.151
7027.366
7034.316
7048.774
7096.073
7269.645
7611.776
8203.842
15035.977
15045.968
15080.327
15213.476
16677.982
31091.247
31357.139
32018.819
32787.561
63139.855
63634.870
127205.219
127232.888
127257.999
127283.537
