498.443
879.554
1045.149
1291.193
1519.095
2074.492
2112.726
2129.643
2139.443
2147.066
2153.669
2160.042
2165.352
2171.163
2176.040
2180.336
2184.938
2188.986
2194.158
2199.730
2206.038
2211.738
2216.604
2221.968
2226.472
2232.169
2237.551
2243.881
2251.319
2260.955
2290.854
2490.929
2516.388
2544.434
2577.351
2609.348
2819.040
2879.807
2929.103
2978.062
3121.966
3156.155
3179.048
3198.975
3222.782
3240.552
3269.639
3364.011
3453.566
3524.197
3582.392
3698.728
3837.252
3907.425
3950.334
3989.360
4039.741
4112.809
4267.864
4381.819
4501.395
4614.764
4692.904
4783.601
4879.463
4980.364
5075.816
5215.502
5312.620
5379.431
5494.794
5592.223
5699.822
5793.773
5920.014
6060.586
6199.825
6315.959
6450.356
6613.826
6799.008
7005.015
7179.345
7392.212
7609.237
7760.242
7967.771
8200.039
8440.769
8672.230
8950.576
9215.461
9517.664
9863.118
10295.043
10845.510
11469.625
12287.239
13272.804
15714.520
