173.026
807.053
1307.716
1784.178
1839.748
1873.179
1908.304
1933.048
1986.116
2019.396
2048.201
2099.754
2151.982
2178.396
2193.318
2207.118
2219.560
2228.752
2237.307
2242.879
2247.636
2252.156
2256.951
2261.345
2264.978
2268.555
2272.237
2276.093
2278.654
2281.639
2284.392
2286.971
2289.910
2292.632
2295.045
2297.595
2299.942
2302.075
2304.253
2306.781
2308.899
2311.631
2313.813
2315.952
2318.182
2320.366
2322.411
2324.640
2326.971
2329.215
2331.487
2333.111
2335.205
2337.508
2340.011
2342.155
2344.374
2346.921
2348.972
2351.192
2353.817
2356.130
2358.496
2361.094
2363.325
2365.443
2367.540
2369.775
2372.681
2375.223
2377.752
2380.157
2382.472
2385.387
2387.935
2390.885
2394.008
2397.484
2401.321
2406.746
2411.825
2416.730
2422.251
2428.690
2438.642
2448.239
2457.743
2469.297
2485.229
2506.360
2549.230
2625.686
2660.438
2689.624
2714.156
2738.686
2762.994
2786.351
2811.418
2852.108
