67.251
216.924
324.347
387.905
422.114
435.155
440.919
443.924
446.205
448.181
450.319
451.512
453.035
454.896
456.006
457.352
458.438
458.954
459.432
459.890
460.549
461.416
462.101
462.640
463.348
464.128
464.447
464.911
465.393
465.949
466.515
466.844
467.219
467.789
468.258
468.489
469.026
469.480
469.968
470.356
470.769
470.993
471.449
471.889
472.289
472.818
473.316
473.656
473.924
474.245
474.513
474.847
475.257
475.714
476.220
476.655
476.953
477.366
477.729
478.160
478.423
478.781
479.220
479.480
479.812
480.260
480.567
481.081
481.490
481.963
482.595
483.128
483.637
484.146
484.621
485.209
485.816
486.107
486.868
487.905
488.785
489.767
490.664
491.666
492.467
493.155
494.444
495.907
497.103
498.964
502.027
506.390
512.126
517.815
528.159
541.755
573.439
689.242
731.702
745.895
