965.586
1724.051
1850.277
1875.548
1890.041
1910.216
1928.590
1942.299
1951.796
1959.678
1965.169
1970.976
1974.988
1979.583
1983.478
1987.163
1992.011
1996.309
2001.345
2006.732
2013.363
2022.922
2031.711
2044.757
2059.519
2072.934
2083.686
2091.293
2097.316
2102.384
2107.309
2112.222
2117.788
2121.970
2126.876
2131.464
2136.294
2143.107
2147.428
2153.092
2157.927
2162.171
2167.609
2171.737
2176.046
2179.944
2183.743
2188.255
2191.670
2195.559
2199.683
2203.818
2206.940
2210.044
2213.097
2217.170
2221.437
2225.449
2230.172
2234.849
2239.934
2245.266
2250.752
2255.626
2260.643
2265.049
2269.006
2272.009
2274.977
2277.723
2280.576
2283.415
2285.852
2287.843
2290.226
2292.886
2295.672
2298.672
2301.895
2305.350
2309.985
2315.931
2323.862
2338.687
2539.787
2631.658
2678.809
2762.834
2897.384
3014.133
3111.827
3269.853
3390.502
3540.537
3725.445
4030.054
4199.650
4535.158
4831.063
5331.867
