959.814
1493.144
1688.500
2060.410
2094.397
2109.358
2118.137
2124.859
2130.295
2134.576
2138.676
2142.190
2145.457
2148.752
2151.933
2155.074
2158.230
2161.220
2164.282
2167.813
2170.924
2174.348
2178.517
2183.251
2189.550
2201.245
2382.382
2472.903
2492.353
2507.797
2521.024
2536.612
2607.513
2827.703
2858.934
2882.019
2908.735
3117.935
3142.036
3157.906
3172.932
3197.478
3240.021
3348.738
3430.763
3477.345
3515.441
3584.887
3735.868
3843.227
3891.534
3919.713
3952.796
3985.836
4109.959
4227.246
4305.065
4419.054
4526.174
4603.196
4653.182
4703.252
4814.099
4932.148
5008.565
5091.055
5178.400
5245.416
5339.754
5434.085
5539.713
5632.579
5723.379
5841.742
5949.559
6069.316
6174.655
6294.810
6423.381
6542.381
6687.899
6869.857
7043.507
7207.804
7400.600
7555.261
7710.693
7924.210
8125.131
8352.221
8581.917
8826.526
9162.946
9487.708
9828.599
10270.933
10879.116
11636.156
12519.602
14472.311
