1317.911
1908.635
2101.525
2111.878
2117.240
2121.005
2124.225
2126.906
2129.317
2131.849
2134.593
2136.447
2138.691
2140.930
2143.044
2145.188
2147.547
2150.226
2152.854
2155.827
2158.602
2162.111
2167.037
2173.881
2188.749
2459.628
2478.407
2488.919
2498.356
2508.498
2523.626
2777.653
2830.878
2847.957
2863.488
2907.564
3105.148
3124.961
3139.741
3154.227
3174.851
3202.913
3243.952
3387.823
3436.036
3484.399
3537.896
3602.533
3787.680
3861.389
3895.999
3918.250
3941.502
3986.392
4136.053
4233.395
4311.919
4422.920
4524.057
4594.481
4628.934
4666.917
4776.965
4885.215
4961.411
5032.298
5109.567
5207.247
5284.903
5381.442
5482.611
5590.067
5669.804
5738.764
5857.024
5967.335
6070.126
6205.846
6355.510
6480.337
6651.903
6817.741
7000.277
7199.371
7395.656
7545.435
7697.115
7888.081
8089.184
8318.823
8613.552
8923.051
9252.963
9549.695
9972.439
10430.842
11036.864
11755.915
12743.686
14531.727
