540.528
808.394
970.130
1139.016
1544.582
2070.220
2112.706
2129.412
2139.799
2146.323
2151.742
2156.982
2161.886
2166.145
2170.368
2174.628
2178.615
2182.677
2186.471
2190.178
2193.825
2197.441
2201.343
2205.215
2209.184
2214.952
2221.782
2229.819
2238.697
2253.391
2418.750
2504.098
2528.096
2547.138
2566.176
2599.236
2836.952
2891.749
2922.743
3008.165
3144.104
3167.953
3184.716
3201.333
3220.745
3251.616
3297.515
3412.150
3475.502
3542.700
3606.685
3758.352
3870.976
3915.825
3955.447
3989.904
4035.972
4146.490
4295.665
4390.589
4510.400
4627.012
4687.859
4748.937
4864.691
4971.089
5060.306
5190.741
5277.749
5371.086
5467.906
5593.121
5700.390
5790.249
5921.890
6046.133
6158.894
6290.472
6453.208
6612.046
6817.470
7011.496
7190.953
7411.888
7584.518
7732.317
7938.874
8142.930
8403.184
8673.640
8926.825
9250.456
9542.781
9888.793
10301.674
10873.395
11563.480
12502.553
13461.469
15298.981
