271.055
1471.436
2598.301
3236.969
3542.276
3650.970
3692.721
3722.336
3757.529
3800.727
3842.957
3870.610
3896.654
3918.813
3935.418
3949.616
3970.338
3988.723
4003.379
4017.930
4032.425
4046.143
4064.440
4084.282
4100.122
4119.331
4139.617
4163.415
4179.786
4193.074
4205.228
4218.608
4230.559
4243.013
4253.132
4263.476
4274.641
4285.929
4295.698
4307.716
4319.848
4334.511
4347.264
4358.642
4372.778
4387.216
4400.349
4411.851
4422.886
4434.690
4447.636
4459.761
4472.594
4487.934
4498.124
4512.031
4524.922
4536.797
4548.520
4559.192
4569.471
4579.146
4591.701
4606.711
4621.044
4635.136
4649.515
4670.008
4692.686
4723.139
4742.317
4760.408
4774.151
4786.161
4797.978
4810.721
4824.589
4838.631
4852.220
4864.906
4877.940
4890.913
4904.644
4918.484
4937.424
4958.127
4980.532
5009.331
5059.426
5171.001
5252.486
5321.708
5404.753
5526.533
5619.151
5736.572
5886.290
6164.317
6661.712
7431.323
