102.593
253.050
356.330
374.934
400.707
427.162
435.033
441.400
444.479
447.786
449.532
451.765
452.875
454.056
455.154
456.241
457.334
458.090
458.781
459.692
460.500
461.159
461.850
462.352
462.724
463.151
463.634
464.099
464.561
465.099
465.453
465.807
466.424
466.778
467.439
467.856
468.205
468.696
469.307
469.738
470.151
470.475
470.986
471.468
471.907
472.318
472.637
473.105
473.481
473.709
474.129
474.513
474.825
475.180
475.541
475.944
476.369
476.676
477.075
477.439
477.806
478.395
478.835
479.268
479.714
480.216
480.527
481.033
481.365
481.748
482.133
482.614
482.986
483.474
484.086
484.538
485.153
485.942
486.781
487.335
487.925
488.586
489.312
490.056
490.670
491.459
492.346
493.829
494.588
495.516
496.561
499.230
501.987
506.054
513.790
534.375
545.525
562.002
615.459
646.926
