1173.219
1735.741
1992.995
2088.874
2120.814
2141.551
2151.727
2159.305
2164.912
2169.351
2172.924
2177.084
2180.639
2184.074
2187.720
2191.172
2194.560
2198.110
2202.042
2205.554
2209.036
2212.769
2216.397
2220.752
2224.665
2229.741
2235.846
2246.496
2272.308
2479.878
2531.226
2550.025
2569.343
2590.827
2656.554
2883.609
2915.060
2945.504
3021.881
3149.130
3175.003
3190.728
3206.477
3221.637
3249.284
3301.798
3418.800
3473.161
3522.896
3577.096
3669.271
3832.487
3917.340
3949.773
3979.979
4007.934
4058.422
4180.125
4316.626
4422.117
4524.684
4651.195
4709.170
4770.884
4882.083
4989.387
5074.356
5197.127
5278.876
5347.606
5450.851
5548.091
5666.093
5760.734
5867.838
5984.617
6108.016
6214.897
6320.557
6464.964
6613.954
6826.174
7024.587
7236.067
7488.628
7669.875
7809.865
7983.734
8186.554
8416.592
8699.014
8962.807
9306.580
9668.757
10040.399
10503.807
11150.466
12004.512
13016.173
15154.191
