25.051
160.198
300.356
399.714
430.751
438.548
444.078
449.222
451.214
452.643
455.061
456.699
457.624
458.883
460.165
460.871
461.255
462.195
462.982
463.750
464.334
464.771
465.127
465.401
465.829
466.434
466.827
467.209
467.607
468.157
468.629
468.965
469.167
469.465
469.777
470.084
470.352
470.646
470.959
471.196
471.478
471.715
471.957
472.151
472.347
472.649
472.821
473.005
473.180
473.495
473.788
473.969
474.093
474.275
474.486
474.723
474.881
475.168
475.484
475.690
475.837
476.174
476.502
476.912
477.279
477.500
477.941
478.206
478.475
478.920
479.330
479.664
480.193
480.601
481.032
481.624
482.272
482.723
483.169
483.773
484.277
484.886
485.651
486.323
487.093
488.020
489.157
490.520
491.534
492.989
495.133
497.476
500.717
503.558
511.379
521.369
536.097
620.555
711.615
739.718
