1366.745
1866.764
2080.569
2106.354
2114.334
2119.282
2123.269
2126.660
2129.964
2132.731
2135.323
2138.124
2140.661
2143.252
2145.861
2148.670
2150.982
2153.762
2156.455
2159.537
2162.713
2166.047
2170.089
2175.573
2183.765
2220.572
2469.256
2484.961
2495.926
2505.184
2516.353
2533.197
2799.711
2837.834
2854.894
2872.458
2910.825
3117.281
3136.306
3150.428
3165.781
3194.735
3221.037
3302.717
3405.539
3444.194
3497.912
3545.210
3621.224
3793.837
3867.260
3902.487
3922.832
3949.043
4001.165
4179.447
4262.916
4345.036
4451.151
4568.031
4619.393
4657.274
4748.937
4881.969
4970.353
5046.126
5152.965
5230.361
5327.602
5410.284
5521.441
5615.130
5685.498
5782.721
5900.171
6014.841
6126.937
6270.992
6400.772
6524.442
6681.307
6837.023
7022.947
7201.479
7411.717
7573.309
7748.630
7942.688
8147.897
8414.149
8629.321
8913.706
9224.488
9583.312
9974.464
10473.632
11064.353
11810.319
12599.181
14278.649
