175.389
362.034
400.464
414.822
427.438
433.234
435.845
439.738
443.514
447.531
450.046
451.445
453.192
454.535
455.538
456.639
457.646
458.638
459.352
459.932
460.602
461.064
461.559
462.181
462.716
463.363
463.927
464.511
464.901
465.187
465.425
465.802
466.313
466.883
467.212
467.553
468.208
468.590
469.040
469.624
469.994
470.449
470.890
471.208
471.582
471.779
472.227
472.644
473.330
473.857
474.259
474.620
475.126
475.377
475.674
475.958
476.292
476.706
477.103
477.509
477.810
478.214
478.572
478.924
479.362
479.755
480.216
480.517
480.872
481.399
481.710
482.126
482.529
482.987
483.456
483.820
484.236
485.135
485.537
486.194
486.584
487.360
488.116
488.835
489.460
490.265
490.799
491.717
492.794
494.017
495.384
497.061
499.136
500.909
502.984
506.617
512.146
520.493
615.431
650.638
