55.855
128.386
174.252
246.225
316.877
404.541
429.188
439.219
443.359
445.111
447.795
449.116
450.931
452.476
453.433
454.568
455.969
456.937
457.437
458.280
459.010
459.811
460.250
460.854
461.713
462.392
463.065
463.430
463.894
464.374
464.908
465.521
465.969
466.540
467.216
467.700
468.085
468.550
468.938
469.366
469.744
470.156
470.525
470.748
471.054
471.457
471.786
472.303
472.745
473.207
473.566
473.865
474.249
474.545
474.942
475.452
475.857
476.108
476.410
476.745
477.111
477.512
477.914
478.235
478.581
478.944
479.395
479.770
480.172
480.695
481.184
481.599
482.034
482.544
483.083
483.515
484.142
484.762
485.430
486.147
486.629
487.310
488.072
488.989
489.811
490.876
491.857
493.338
494.089
495.214
496.854
498.561
501.399
505.838
510.900
520.922
554.529
703.184
841.736
875.891
