149.076
1296.570
2111.566
2121.962
2130.256
2136.708
2141.954
2146.860
2151.240
2155.595
2160.205
2164.052
2167.917
2171.795
2175.992
2180.493
2185.267
2189.252
2193.927
2198.926
2203.591
2208.622
2214.394
2220.456
2226.908
2236.257
2257.267
2481.583
2505.323
2525.946
2545.535
2571.000
2617.507
2848.929
2885.107
2918.672
2967.619
3132.815
3155.947
3175.676
3191.233
3211.372
3230.656
3271.844
3380.038
3454.861
3510.258
3559.546
3631.344
3785.830
3873.027
3910.763
3939.972
3969.625
4006.822
4059.421
4187.313
4298.807
4404.603
4509.782
4607.767
4662.578
4724.934
4814.814
4936.074
5008.095
5112.373
5223.709
5298.969
5375.585
5464.691
5571.163
5661.530
5751.420
5860.193
5968.616
6081.754
6204.447
6329.330
6465.428
6621.304
6802.495
6977.485
7172.004
7388.063
7577.207
7744.261
7948.512
8174.426
8415.654
8657.973
8932.068
9271.938
9634.896
10023.542
10559.904
11256.698
12038.695
13127.673
14867.484
