840.993
1653.681
1845.340
1884.505
1909.465
1928.281
1948.831
1961.175
1976.541
1988.954
2002.977
2014.941
2027.744
2036.922
2044.571
2050.796
2055.759
2060.674
2066.605
2072.047
2077.065
2081.984
2085.770
2089.318
2092.288
2095.493
2098.362
2102.093
2105.400
2108.681
2111.711
2115.185
2118.449
2122.272
2125.425
2129.062
2132.202
2135.237
2138.863
2142.733
2146.096
2148.991
2152.295
2155.594
2159.166
2161.531
2164.159
2167.009
2169.759
2172.844
2175.487
2177.771
2180.719
2183.068
2185.687
2188.223
2190.807
2193.928
2197.194
2200.040
2203.557
2207.084
2210.193
2214.099
2217.996
2221.557
2225.652
2229.332
2234.457
2238.791
2243.929
2248.211
2252.824
2256.878
2261.480
2266.298
2270.159
2274.664
2279.454
2284.090
2289.106
2295.397
2303.038
2312.518
2327.002
2468.225
2599.998
2700.930
2939.918
3060.253
3153.920
3249.296
3351.073
3497.853
3757.716
4003.438
4154.803
4590.521
4807.932
5315.384
